ep01
 ----------------------- 

                    Iteração 1:
- Solução inicial 
[28, 31, 66, 90, 170, 182, 233, 251, 306, 308, 337, 339, 363, 364, 389, 403, 409, 412, 427, 429, 454, 487, 494, 495]
- Resultado inicial: 1738.0
- Solução final 
[28, 31, 66, 90, 170, 182, 233, 251, 306, 308, 337, 339, 363, 364, 389, 403, 409, 412, 427, 429, 454, 487, 494, 495]
- Resultado final: 1738.0
- Tempo: 2.986333582s
 ----------------------- 

                    Iteração 2:
- Solução inicial 
[1, 81, 95, 147, 185, 204, 286, 354, 363, 372, 378, 379, 389, 414, 426, 434, 446, 452, 473, 475, 489]
- Resultado inicial: 1583.0
- Solução final 
[1, 81, 95, 147, 185, 204, 286, 354, 363, 372, 378, 379, 389, 414, 426, 434, 446, 452, 473, 475, 489]
- Resultado final: 1583.0
- Tempo: 2.975831555s
^[ ----------------------- 

                    Iteração 3:
- Solução inicial 
[57, 97, 113, 159, 191, 197, 209, 240, 280, 290, 319, 372, 399, 423, 426, 442, 449, 453, 454, 474, 484, 499]
- Resultado inicial: 1633.0
- Solução final 
[57, 97, 113, 159, 191, 197, 209, 240, 280, 290, 319, 372, 399, 423, 426, 442, 449, 453, 454, 474, 484, 499]
- Resultado final: 1633.0
- Tempo: 2.992698452s
 ----------------------- 

                    Iteração 4:
- Solução inicial 
[14, 109, 127, 154, 164, 193, 209, 277, 283, 301, 308, 322, 347, 350, 366, 387, 395, 415, 429, 454, 468, 471, 478, 494]
- Resultado inicial: 1748.0
- Solução final 
[14, 109, 127, 154, 164, 193, 209, 277, 283, 301, 308, 322, 347, 350, 366, 387, 395, 415, 429, 454, 468, 471, 478, 494]
- Resultado final: 1748.0
- Tempo: 2.979874755s
 ----------------------- 

                    Iteração 5:
- Solução inicial 
[24, 37, 70, 127, 201, 238, 240, 241, 251, 277, 292, 308, 344, 357, 369, 398, 411, 419, 455, 456, 478, 481, 487]
- Resultado inicial: 1626.0
- Solução final 
[24, 37, 70, 127, 201, 238, 240, 241, 251, 277, 292, 308, 344, 357, 369, 398, 411, 419, 455, 456, 478, 481, 487]
- Resultado final: 1626.0
- Tempo: 3.054150117s
 ----------------------- 

                    Iteração 6:
- Solução inicial 
[20, 57, 85, 96, 134, 174, 185, 238, 242, 301, 309, 345, 347, 351, 364, 373, 393, 408, 420, 465, 471, 483, 487, 497]
- Resultado inicial: 1693.0
- Solução final 
[20, 57, 85, 96, 134, 174, 185, 238, 242, 301, 309, 345, 347, 351, 364, 373, 393, 408, 420, 465, 471, 483, 487, 497]
- Resultado final: 1693.0
- Tempo: 3.225579554s
 ----------------------- 

                    Iteração 7:
- Solução inicial 
[19, 52, 80, 110, 124, 132, 189, 201, 209, 220, 248, 274, 283, 352, 364, 378, 379, 380, 390, 407, 423, 469, 481, 492, 494]
- Resultado inicial: 1687.0
- Solução final 
[19, 52, 80, 110, 124, 132, 189, 201, 209, 220, 248, 274, 283, 352, 364, 378, 379, 380, 390, 407, 423, 469, 481, 492, 494]
- Resultado final: 1687.0
- Tempo: 3.139428207s
 ----------------------- 

                    Iteração 8:
- Solução inicial 
[21, 28, 69, 125, 133, 188, 197, 202, 203, 205, 226, 238, 257, 275, 319, 343, 346, 366, 391, 437, 454, 463, 468, 484, 498]
- Resultado inicial: 1652.0
- Solução final 
[21, 28, 69, 125, 133, 188, 197, 202, 203, 205, 226, 238, 257, 275, 319, 343, 346, 366, 391, 437, 454, 463, 468, 484, 498]
- Resultado final: 1652.0
- Tempo: 3.200591747s
 ----------------------- 

                    Iteração 9:
- Solução inicial 
[34, 47, 132, 144, 146, 172, 204, 216, 223, 234, 257, 265, 274, 275, 305, 342, 348, 395, 418, 426, 437, 451, 456, 482, 489]
- Resultado inicial: 1686.0
- Solução final 
[34, 47, 132, 144, 146, 172, 204, 216, 223, 234, 257, 265, 274, 275, 305, 342, 348, 395, 418, 426, 437, 451, 456, 482, 489]
- Resultado final: 1686.0
- Tempo: 3.263602531s
 ----------------------- 

                    Iteração 10:
- Solução inicial 
[0, 67, 84, 112, 159, 161, 190, 191, 263, 298, 328, 342, 348, 356, 358, 418, 422, 436, 441, 453, 454, 469, 499]
- Resultado inicial: 1612.0
- Solução final 
[0, 67, 84, 112, 159, 161, 190, 191, 263, 298, 328, 342, 348, 356, 358, 418, 422, 436, 441, 453, 454, 469, 499]
- Resultado final: 1612.0
- Tempo: 3.287661234s
Nenhuma melhora encontrada na vizinhança. Busca Local terminada.
 ----------------------- 

                    Iteração 11:
- Solução inicial 
[43, 56, 194, 208, 234, 252, 289, 294, 310, 335, 340, 346, 362, 379, 415, 422, 423, 433, 440, 463, 483, 489]
- Resultado inicial: 1673.0
- Solução final 
[43, 56, 194, 208, 234, 252, 289, 294, 310, 335, 340, 346, 362, 379, 415, 422, 423, 433, 440, 463, 483, 489]
- Resultado final: 1673.0
- Tempo: 3.220342182s
Nenhuma melhora encontrada na vizinhança. Busca Local terminada.
 ----------------------- 

                    Iteração 12:
- Solução inicial 
[1, 11, 68, 100, 134, 139, 244, 256, 311, 320, 334, 335, 337, 358, 378, 379, 388, 389, 405, 412, 433, 458, 494, 495]
- Resultado inicial: 1683.0
- Solução final 
[1, 11, 68, 100, 134, 139, 244, 256, 311, 320, 334, 335, 337, 358, 378, 379, 388, 389, 405, 412, 433, 458, 494, 495]
- Resultado final: 1683.0
- Tempo: 3.228125057s
Nenhuma melhora encontrada na vizinhança. Busca Local terminada.
 ----------------------- 

                    Iteração 13:
- Solução inicial 
[6, 31, 41, 196, 238, 271, 295, 311, 317, 339, 343, 345, 347, 350, 361, 393, 398, 424, 425, 437, 439, 484, 485, 489]
- Resultado inicial: 1803.0
- Solução final 
[6, 31, 41, 196, 238, 271, 295, 311, 317, 339, 343, 345, 347, 350, 361, 393, 398, 424, 425, 437, 439, 484, 485, 489]
- Resultado final: 1803.0
- Tempo: 3.250698625s
^[[1;2D^[[1;2A^[[2 ----------------------- 

                    Iteração 14:
- Solução inicial 
[150, 182, 215, 219, 230, 245, 256, 263, 278, 298, 308, 319, 347, 375, 412, 427, 440, 449, 454, 460, 485, 487]
- Resultado inicial: 1691.0
- Solução final 
[150, 182, 215, 219, 230, 245, 256, 263, 278, 298, 308, 319, 347, 375, 412, 427, 440, 449, 454, 460, 485, 487]
- Resultado final: 1691.0
- Tempo: 3.077174292s
 ----------------------- 

                    Iteração 15:
- Solução inicial 
[98, 107, 162, 165, 226, 259, 263, 267, 269, 281, 331, 371, 394, 407, 413, 424, 430, 460, 464, 470, 472, 489]
- Resultado inicial: 1667.0
- Solução final 
[98, 107, 162, 165, 226, 259, 263, 267, 269, 281, 331, 371, 394, 407, 413, 424, 430, 460, 464, 470, 472, 489]
- Resultado final: 1667.0
- Tempo: 3.171995498s
 ----------------------- 

                    Iteração 16:
- Solução inicial 
[97, 107, 123, 137, 167, 173, 200, 237, 244, 253, 257, 280, 283, 299, 301, 321, 372, 384, 410, 420, 423, 435, 468, 486]
- Resultado inicial: 1624.0
- Solução final 
[97, 107, 123, 137, 167, 173, 200, 237, 244, 253, 257, 280, 283, 299, 301, 321, 372, 384, 410, 420, 423, 435, 468, 486]
- Resultado final: 1624.0
- Tempo: 3.199069923s
 ----------------------- 

                    Iteração 17:
- Solução inicial 
[20, 106, 125, 154, 205, 219, 260, 269, 272, 276, 282, 336, 339, 362, 384, 389, 422, 426, 460, 470, 474, 483, 489, 495]
- Resultado inicial: 1789.0
- Solução final 
[20, 106, 125, 154, 205, 219, 260, 269, 272, 276, 282, 336, 339, 362, 384, 389, 422, 426, 460, 470, 474, 483, 489, 495]
- Resultado final: 1789.0
- Tempo: 3.459013801s
Nenhuma melhora encontrada na vizinhança. Busca Local terminada.
 ----------------------- 

                    Iteração 18:
- Solução inicial 
[20, 36, 162, 173, 188, 203, 235, 255, 275, 316, 320, 347, 361, 362, 393, 409, 412, 422, 427, 460, 463, 464, 484]
- Resultado inicial: 1673.0
- Solução final 
[20, 36, 162, 173, 188, 203, 235, 255, 275, 316, 320, 347, 361, 362, 393, 409, 412, 422, 427, 460, 463, 464, 484]
- Resultado final: 1673.0
- Tempo: 3.934323179s
 ----------------------- 

                    Iteração 19:
- Solução inicial 
[115, 126, 147, 173, 203, 205, 224, 237, 247, 260, 283, 284, 321, 354, 384, 432, 447, 451, 455, 463, 468, 486, 491]
- Resultado inicial: 1693.0
- Solução final 
[115, 126, 147, 173, 203, 205, 224, 237, 247, 260, 283, 284, 321, 354, 384, 432, 447, 451, 455, 463, 468, 486, 491]
- Resultado final: 1693.0
- Tempo: 3.411797011s
 ----------------------- 

                    Iteração 20:
- Solução inicial 
[5, 46, 50, 124, 139, 162, 196, 202, 213, 234, 259, 288, 330, 331, 345, 368, 378, 412, 413, 415, 435, 441, 458, 471, 480, 482, 497]
- Resultado inicial: 1915.0
- Solução final 
[5, 46, 50, 124, 139, 162, 196, 202, 213, 234, 259, 288, 330, 331, 345, 368, 378, 412, 413, 415, 435, 441, 458, 471, 480, 482, 497]
- Resultado final: 1915.0
- Tempo: 3.750802238s
 ----------------------- 

                    Iteração 21:
- Solução inicial 
[7, 38, 56, 113, 142, 193, 201, 244, 252, 269, 295, 305, 356, 362, 364, 388, 433, 454, 469, 470, 472, 474, 485, 486]
- Resultado inicial: 1712.0
- Solução final 
[7, 38, 56, 113, 142, 193, 201, 244, 252, 269, 295, 305, 356, 362, 364, 388, 433, 454, 469, 470, 472, 474, 485, 486]
- Resultado final: 1712.0
- Tempo: 3.718273136s
 ----------------------- 

                    Iteração 22:
- Solução inicial 
[34, 35, 93, 128, 164, 176, 204, 214, 220, 252, 319, 331, 347, 389, 395, 452, 453, 457, 467, 469, 481, 490, 496]
- Resultado inicial: 1651.0
- Solução final 
[34, 35, 93, 128, 164, 176, 204, 214, 220, 252, 319, 331, 347, 389, 395, 452, 453, 457, 467, 469, 481, 490, 496]
- Resultado final: 1651.0
- Tempo: 3.118276832s
 ----------------------- 

                    Iteração 23:
- Solução inicial 
[90, 93, 132, 135, 149, 164, 205, 214, 220, 231, 263, 293, 296, 305, 318, 330, 407, 452, 453, 469, 478, 481, 487, 492]
- Resultado inicial: 1681.0
- Solução final 
[90, 93, 132, 135, 149, 164, 205, 214, 220, 231, 263, 293, 296, 305, 318, 330, 407, 452, 453, 469, 478, 481, 487, 492]
- Resultado final: 1681.0
- Tempo: 3.098672276s
 ----------------------- 

                    Iteração 24:
- Solução inicial 
[78, 79, 86, 125, 129, 132, 142, 149, 200, 257, 313, 316, 374, 387, 392, 414, 416, 420, 430, 431, 441, 454, 462, 486]
- Resultado inicial: 1664.0
- Solução final 
[78, 79, 86, 125, 129, 132, 142, 149, 200, 257, 313, 316, 374, 387, 392, 414, 416, 420, 430, 431, 441, 454, 462, 486]
- Resultado final: 1664.0
- Tempo: 3.10775812s
 ----------------------- 

                    Iteração 25:
- Solução inicial 
[65, 82, 103, 132, 260, 292, 296, 319, 341, 363, 371, 381, 382, 384, 388, 392, 399, 405, 418, 439, 455, 461, 465, 467]
- Resultado inicial: 1857.0
- Solução final 
[65, 82, 103, 132, 260, 292, 296, 319, 341, 363, 371, 381, 382, 384, 388, 392, 399, 405, 418, 439, 455, 461, 465, 467]
- Resultado final: 1857.0
- Tempo: 3.700746865s
 ----------------------- 

                    Iteração 26:
- Solução inicial 
[59, 80, 135, 203, 224, 234, 239, 255, 263, 267, 291, 308, 336, 370, 371, 403, 407, 429, 432, 438, 448, 464, 497]
- Resultado inicial: 1668.0
- Solução final 
[59, 80, 135, 203, 224, 234, 239, 255, 263, 267, 291, 308, 336, 370, 371, 403, 407, 429, 432, 438, 448, 464, 497]
- Resultado final: 1668.0
- Tempo: 3.630975141s
Nenhuma melhora encontrada na vizinhança. Busca Local terminada.
 ----------------------- 

                    Iteração 27:
- Solução inicial 
[112, 180, 222, 252, 260, 266, 294, 325, 339, 345, 356, 368, 380, 383, 443, 458, 464, 483, 485, 489, 497]
- Resultado inicial: 1697.0
- Solução final 
[112, 180, 222, 252, 260, 266, 294, 325, 339, 345, 356, 368, 380, 383, 443, 458, 464, 483, 485, 489, 497]
- Resultado final: 1697.0
- Tempo: 3.952166938s
 ----------------------- 

                    Iteração 28:
- Solução inicial 
[7, 39, 45, 95, 151, 161, 225, 237, 265, 268, 346, 363, 381, 407, 409, 414, 429, 454, 470, 472, 485, 491, 499]
- Resultado inicial: 1655.0
- Solução final 
[7, 39, 45, 95, 151, 161, 225, 237, 265, 268, 346, 363, 381, 407, 409, 414, 429, 454, 470, 472, 485, 491, 499]
- Resultado final: 1655.0
- Tempo: 3.988695264s
 ----------------------- 

                    Iteração 29:
- Solução inicial 
[34, 72, 73, 74, 85, 105, 153, 161, 181, 235, 285, 298, 302, 307, 316, 331, 337, 345, 378, 398, 405, 447, 448, 457, 482, 497]
- Resultado inicial: 1714.0
- Solução final 
[34, 72, 73, 74, 85, 105, 153, 161, 181, 235, 285, 298, 302, 307, 316, 331, 337, 345, 378, 398, 405, 447, 448, 457, 482, 497]
- Resultado final: 1714.0
- Tempo: 3.94107734s
Nenhuma melhora encontrada na vizinhança. Busca Local terminada.
 ----------------------- 

                    Iteração 30:
- Solução inicial 
[56, 69, 92, 174, 195, 201, 216, 239, 241, 252, 290, 305, 335, 362, 385, 388, 423, 437, 465, 469, 470, 474, 494]
- Resultado inicial: 1646.0
- Solução final 
[56, 69, 92, 174, 195, 201, 216, 239, 241, 252, 290, 305, 335, 362, 385, 388, 423, 437, 465, 469, 470, 474, 494]
- Resultado final: 1646.0
- Tempo: 3.933798632s