ep03
 ----------------------- 

                    Iteração 1:
- Solução inicial 
[4, 5, 20, 29, 44, 45, 48, 78, 84, 86, 99, 101, 105, 110, 128, 130, 135, 138, 149, 152, 158, 198, 210, 216, 239, 261, 281, 310, 334, 342, 370, 453, 456, 473, 478, 514, 519, 569, 577, 591, 607, 608, 659, 698, 701, 746, 790, 812, 816, 826, 827, 975, 992]
- Resultado inicial: 2527.0
- Solução final 
[4, 5, 20, 29, 44, 45, 48, 78, 84, 86, 99, 101, 105, 110, 128, 130, 135, 138, 149, 152, 158, 198, 210, 216, 239, 261, 281, 310, 334, 342, 370, 453, 456, 473, 478, 514, 519, 569, 577, 591, 607, 608, 659, 698, 701, 746, 790, 812, 816, 826, 827, 975, 992]
- Resultado final: 2527.0
- Tempo: 5.868507289s
 ----------------------- 

                    Iteração 2:
- Solução inicial 
[7, 19, 22, 28, 43, 76, 86, 97, 134, 142, 145, 150, 152, 155, 159, 167, 188, 232, 237, 252, 261, 262, 277, 292, 303, 355, 406, 413, 419, 426, 433, 487, 490, 508, 514, 523, 546, 560, 564, 577, 605, 637, 646, 672, 680, 704, 775, 806, 866, 889, 930]
- Resultado inicial: 2503.0
- Solução final 
[7, 19, 22, 28, 43, 76, 86, 97, 134, 142, 145, 150, 152, 155, 159, 167, 188, 232, 237, 252, 261, 262, 277, 292, 303, 355, 406, 413, 419, 426, 433, 487, 490, 508, 514, 523, 546, 560, 564, 577, 605, 637, 646, 672, 680, 704, 775, 806, 866, 889, 930]
- Resultado final: 2503.0
- Tempo: 5.950837579s
 ----------------------- 

                    Iteração 3:
- Solução inicial 
[0, 4, 5, 8, 19, 20, 33, 39, 77, 124, 132, 135, 138, 142, 151, 165, 184, 187, 206, 212, 225, 226, 280, 306, 342, 346, 366, 382, 384, 397, 400, 430, 431, 434, 446, 460, 549, 552, 571, 574, 578, 584, 611, 673, 730, 770, 828, 870, 904, 911, 928, 949]
- Resultado inicial: 2517.0
- Solução final 
[0, 4, 5, 8, 19, 20, 33, 39, 77, 124, 132, 135, 138, 142, 151, 165, 184, 187, 206, 212, 225, 226, 280, 306, 342, 346, 366, 382, 384, 397, 400, 430, 431, 434, 446, 460, 549, 552, 571, 574, 578, 584, 611, 673, 730, 770, 828, 870, 904, 911, 928, 949]
- Resultado final: 2517.0
- Tempo: 5.71496242s
 ----------------------- 

                    Iteração 4:
- Solução inicial 
[1, 19, 20, 33, 36, 48, 71, 72, 76, 82, 83, 88, 120, 127, 143, 155, 188, 189, 198, 201, 227, 263, 269, 280, 286, 309, 376, 446, 512, 526, 536, 561, 576, 579, 624, 645, 646, 661, 680, 681, 700, 726, 757, 839, 866, 915, 939, 952, 993]
- Resultado inicial: 2486.0
- Solução final 
[1, 19, 20, 33, 36, 48, 71, 72, 76, 82, 83, 88, 120, 127, 143, 155, 188, 189, 198, 201, 227, 263, 269, 280, 286, 309, 376, 446, 512, 526, 536, 561, 576, 579, 624, 645, 646, 661, 680, 681, 700, 726, 757, 839, 866, 915, 939, 952, 993]
- Resultado final: 2486.0
- Tempo: 5.673679007s
 ----------------------- 

                    Iteração 5:
- Solução inicial 
[0, 1, 3, 20, 33, 36, 44, 52, 62, 83, 85, 86, 98, 125, 153, 157, 173, 185, 190, 228, 252, 268, 275, 277, 289, 292, 297, 323, 342, 357, 412, 426, 465, 490, 491, 494, 508, 513, 555, 578, 593, 623, 650, 754, 790, 830, 852, 879, 886, 908, 948, 976]
- Resultado inicial: 2519.0
- Solução final 
[0, 1, 3, 20, 33, 36, 44, 52, 62, 83, 85, 86, 98, 125, 153, 157, 173, 185, 190, 228, 252, 268, 275, 277, 289, 292, 297, 323, 342, 357, 412, 426, 465, 490, 491, 494, 508, 513, 555, 578, 593, 623, 650, 754, 790, 830, 852, 879, 886, 908, 948, 976]
- Resultado final: 2519.0
- Tempo: 6.878065576s
 ----------------------- 

                    Iteração 6:
- Solução inicial 
[19, 25, 29, 32, 43, 53, 75, 79, 81, 83, 85, 92, 93, 100, 132, 135, 148, 156, 160, 167, 174, 186, 191, 206, 279, 299, 310, 315, 318, 340, 425, 431, 434, 453, 460, 484, 517, 518, 532, 574, 580, 597, 618, 681, 715, 741, 790, 793, 824, 827, 862, 947, 990]
- Resultado inicial: 2517.0
- Solução final 
[19, 25, 29, 32, 43, 53, 75, 79, 81, 83, 85, 92, 93, 100, 132, 135, 148, 156, 160, 167, 174, 186, 191, 206, 279, 299, 310, 315, 318, 340, 425, 431, 434, 453, 460, 484, 517, 518, 532, 574, 580, 597, 618, 681, 715, 741, 790, 793, 824, 827, 862, 947, 990]
- Resultado final: 2517.0
- Tempo: 8.721999909s
 ----------------------- 

                    Iteração 7:
- Solução inicial 
[8, 15, 27, 42, 44, 73, 77, 117, 127, 139, 141, 142, 146, 168, 174, 176, 180, 193, 201, 203, 213, 218, 225, 228, 254, 255, 258, 265, 284, 288, 327, 349, 351, 373, 399, 406, 426, 489, 496, 543, 577, 628, 649, 652, 664, 686, 690, 702, 712, 719, 838, 841, 892, 976]
- Resultado inicial: 2536.0
- Solução final 
[8, 15, 27, 42, 44, 73, 77, 117, 127, 139, 141, 142, 146, 168, 174, 176, 180, 193, 201, 203, 213, 218, 225, 228, 254, 255, 258, 265, 284, 288, 327, 349, 351, 373, 399, 406, 426, 489, 496, 543, 577, 628, 649, 652, 664, 686, 690, 702, 712, 719, 838, 841, 892, 976]
- Resultado final: 2536.0
- Tempo: 7.911731338s
 ----------------------- 

                    Iteração 8:
- Solução inicial 
[16, 20, 42, 75, 81, 82, 86, 87, 96, 103, 125, 135, 144, 156, 186, 213, 221, 234, 235, 246, 251, 282, 315, 316, 351, 355, 370, 371, 384, 408, 415, 445, 488, 527, 536, 538, 592, 601, 637, 642, 668, 706, 718, 778, 789, 802, 813, 849, 899, 976]
- Resultado inicial: 2499.0
- Solução final 
[16, 20, 42, 75, 81, 82, 86, 87, 96, 103, 125, 135, 144, 156, 186, 213, 221, 234, 235, 246, 251, 282, 315, 316, 351, 355, 370, 371, 384, 408, 415, 445, 488, 527, 536, 538, 592, 601, 637, 642, 668, 706, 718, 778, 789, 802, 813, 849, 899, 976]
- Resultado final: 2499.0
- Tempo: 7.978597063s
 ----------------------- 

                    Iteração 9:
- Solução inicial 
[6, 7, 16, 25, 48, 49, 66, 88, 94, 101, 112, 145, 152, 159, 167, 181, 185, 222, 231, 240, 248, 259, 261, 270, 289, 292, 332, 368, 424, 430, 467, 486, 574, 595, 604, 605, 613, 625, 645, 660, 663, 688, 711, 751, 763, 797, 833, 852, 897, 946]
- Resultado inicial: 2495.0
- Solução final 
[6, 7, 16, 25, 48, 49, 66, 88, 94, 101, 112, 145, 152, 159, 167, 181, 185, 222, 231, 240, 248, 259, 261, 270, 289, 292, 332, 368, 424, 430, 467, 486, 574, 595, 604, 605, 613, 625, 645, 660, 663, 688, 711, 751, 763, 797, 833, 852, 897, 946]
- Resultado final: 2495.0
- Tempo: 7.474768242s
 ----------------------- 

                    Iteração 10:
- Solução inicial 
[0, 3, 7, 12, 15, 18, 28, 42, 47, 58, 68, 74, 89, 106, 141, 185, 196, 199, 207, 208, 231, 273, 277, 288, 294, 330, 388, 407, 414, 446, 487, 493, 498, 522, 539, 552, 567, 586, 613, 614, 678, 687, 710, 767, 780, 810, 821, 829, 848, 935, 963]
- Resultado inicial: 2508.0
- Solução final 
[0, 3, 7, 12, 15, 18, 28, 42, 47, 58, 68, 74, 89, 106, 141, 185, 196, 199, 207, 208, 231, 273, 277, 288, 294, 330, 388, 407, 414, 446, 487, 493, 498, 522, 539, 552, 567, 586, 613, 614, 678, 687, 710, 767, 780, 810, 821, 829, 848, 935, 963]
- Resultado final: 2508.0
- Tempo: 7.498273411s
 ----------------------- 

                    Iteração 11:
- Solução inicial 
[3, 7, 9, 25, 26, 30, 36, 38, 72, 76, 79, 90, 95, 99, 104, 120, 128, 129, 137, 186, 215, 216, 241, 256, 268, 276, 279, 288, 312, 322, 348, 377, 382, 397, 411, 536, 537, 538, 593, 605, 659, 678, 706, 756, 781, 791, 821, 827, 840, 850, 909, 944, 968]
- Resultado inicial: 2529.0
- Solução final 
[3, 7, 9, 25, 26, 30, 36, 38, 72, 76, 79, 90, 95, 99, 104, 120, 128, 129, 137, 186, 215, 216, 241, 256, 268, 276, 279, 288, 312, 322, 348, 377, 382, 397, 411, 536, 537, 538, 593, 605, 659, 678, 706, 756, 781, 791, 821, 827, 840, 850, 909, 944, 968]
- Resultado final: 2529.0
- Tempo: 7.562395393s
 ----------------------- 

                    Iteração 12:
- Solução inicial 
[9, 11, 32, 33, 43, 57, 61, 63, 67, 72, 73, 78, 100, 102, 130, 136, 139, 168, 194, 201, 205, 223, 228, 253, 269, 271, 275, 279, 281, 318, 374, 398, 481, 493, 528, 529, 534, 544, 549, 575, 586, 588, 591, 596, 609, 626, 635, 695, 702, 761, 763, 847, 905, 963]
- Resultado inicial: 2537.0
- Solução final 
[9, 11, 32, 33, 43, 57, 61, 63, 67, 72, 73, 78, 100, 102, 130, 136, 139, 168, 194, 201, 205, 223, 228, 253, 269, 271, 275, 279, 281, 318, 374, 398, 481, 493, 528, 529, 534, 544, 549, 575, 586, 588, 591, 596, 609, 626, 635, 695, 702, 761, 763, 847, 905, 963]
- Resultado final: 2537.0
- Tempo: 7.514024611s
 ----------------------- 

                    Iteração 13:
- Solução inicial 
[0, 1, 3, 7, 9, 17, 21, 33, 34, 57, 59, 79, 81, 115, 157, 159, 179, 181, 194, 224, 231, 243, 251, 292, 304, 323, 327, 347, 379, 461, 506, 521, 538, 581, 586, 591, 608, 617, 618, 630, 644, 667, 685, 688, 774, 815, 821, 887, 897, 926, 943]
- Resultado inicial: 2510.0
- Solução final 
[0, 1, 3, 7, 9, 17, 21, 33, 34, 57, 59, 79, 81, 115, 157, 159, 179, 181, 194, 224, 231, 243, 251, 292, 304, 323, 327, 347, 379, 461, 506, 521, 538, 581, 586, 591, 608, 617, 618, 630, 644, 667, 685, 688, 774, 815, 821, 887, 897, 926, 943]
- Resultado final: 2510.0
- Tempo: 7.888903078s
 ----------------------- 

                    Iteração 14:
- Solução inicial 
[1, 2, 9, 29, 30, 34, 47, 56, 69, 82, 85, 109, 163, 182, 186, 194, 208, 213, 218, 234, 242, 246, 279, 320, 329, 394, 397, 405, 418, 424, 427, 442, 446, 447, 476, 523, 536, 571, 578, 604, 660, 704, 726, 731, 743, 763, 789, 820, 852, 889, 965]
- Resultado inicial: 2506.0
- Solução final 
[1, 2, 9, 29, 30, 34, 47, 56, 69, 82, 85, 109, 163, 182, 186, 194, 208, 213, 218, 234, 242, 246, 279, 320, 329, 394, 397, 405, 418, 424, 427, 442, 446, 447, 476, 523, 536, 571, 578, 604, 660, 704, 726, 731, 743, 763, 789, 820, 852, 889, 965]
- Resultado final: 2506.0
- Tempo: 8.048894696s
 ----------------------- 

                    Iteração 15:
- Solução inicial 
[1, 16, 21, 27, 31, 37, 49, 69, 72, 86, 92, 105, 117, 159, 164, 167, 173, 183, 199, 228, 232, 254, 282, 286, 288, 298, 335, 343, 351, 380, 441, 485, 532, 555, 569, 592, 612, 646, 650, 682, 688, 721, 722, 741, 748, 749, 750, 797, 805, 837, 866]
- Resultado inicial: 2506.0
- Solução final 
[1, 16, 21, 27, 31, 37, 49, 69, 72, 86, 92, 105, 117, 159, 164, 167, 173, 183, 199, 228, 232, 254, 282, 286, 288, 298, 335, 343, 351, 380, 441, 485, 532, 555, 569, 592, 612, 646, 650, 682, 688, 721, 722, 741, 748, 749, 750, 797, 805, 837, 866]
- Resultado final: 2506.0
- Tempo: 7.917030544s
 ----------------------- 

                    Iteração 16:
- Solução inicial 
[1, 16, 36, 38, 44, 47, 63, 74, 88, 103, 129, 138, 172, 201, 213, 231, 243, 244, 257, 276, 288, 295, 343, 344, 391, 404, 411, 413, 423, 424, 449, 453, 515, 524, 531, 567, 602, 625, 634, 678, 719, 741, 757, 811, 854, 865, 875, 927, 935]
- Resultado inicial: 2490.0
- Solução final 
[1, 16, 36, 38, 44, 47, 63, 74, 88, 103, 129, 138, 172, 201, 213, 231, 243, 244, 257, 276, 288, 295, 343, 344, 391, 404, 411, 413, 423, 424, 449, 453, 515, 524, 531, 567, 602, 625, 634, 678, 719, 741, 757, 811, 854, 865, 875, 927, 935]
- Resultado final: 2490.0
- Tempo: 8.220193504s
 ----------------------- 

                    Iteração 17:
- Solução inicial 
[15, 22, 25, 32, 48, 50, 52, 65, 68, 76, 79, 81, 104, 163, 172, 176, 194, 204, 207, 213, 214, 236, 241, 265, 280, 283, 303, 312, 315, 316, 333, 367, 389, 391, 399, 436, 445, 478, 481, 533, 534, 561, 602, 634, 643, 693, 747, 759, 771, 794, 802, 898, 932, 940]
- Resultado inicial: 2536.0
- Solução final 
[15, 22, 25, 32, 48, 50, 52, 65, 68, 76, 79, 81, 104, 163, 172, 176, 194, 204, 207, 213, 214, 236, 241, 265, 280, 283, 303, 312, 315, 316, 333, 367, 389, 391, 399, 436, 445, 478, 481, 533, 534, 561, 602, 634, 643, 693, 747, 759, 771, 794, 802, 898, 932, 940]
- Resultado final: 2536.0
- Tempo: 8.120356346s
 ----------------------- 

                    Iteração 18:
- Solução inicial 
[0, 1, 16, 17, 19, 25, 30, 39, 48, 53, 65, 68, 92, 93, 115, 155, 159, 179, 190, 191, 193, 202, 214, 250, 278, 286, 304, 364, 368, 369, 394, 403, 441, 456, 530, 552, 557, 560, 586, 608, 669, 703, 709, 729, 827, 830, 858, 874, 915, 923, 946, 968]
- Resultado inicial: 2519.0
- Solução final 
[0, 1, 16, 17, 19, 25, 30, 39, 48, 53, 65, 68, 92, 93, 115, 155, 159, 179, 190, 191, 193, 202, 214, 250, 278, 286, 304, 364, 368, 369, 394, 403, 441, 456, 530, 552, 557, 560, 586, 608, 669, 703, 709, 729, 827, 830, 858, 874, 915, 923, 946, 968]
- Resultado final: 2519.0
- Tempo: 7.282621031s
 ----------------------- 

                    Iteração 19:
- Solução inicial 
[4, 24, 42, 43, 69, 84, 121, 125, 143, 150, 181, 190, 213, 215, 218, 226, 238, 244, 257, 269, 273, 282, 287, 326, 332, 351, 363, 372, 399, 401, 403, 442, 444, 460, 471, 481, 483, 503, 525, 550, 562, 695, 735, 749, 787, 875, 913, 940, 985, 996]
- Resultado inicial: 2497.0
- Solução final 
[4, 24, 42, 43, 69, 84, 121, 125, 143, 150, 181, 190, 213, 215, 218, 226, 238, 244, 257, 269, 273, 282, 287, 326, 332, 351, 363, 372, 399, 401, 403, 442, 444, 460, 471, 481, 483, 503, 525, 550, 562, 695, 735, 749, 787, 875, 913, 940, 985, 996]
- Resultado final: 2497.0
- Tempo: 8.095991695s
 ----------------------- 

                    Iteração 20:
- Solução inicial 
[1, 11, 15, 24, 26, 59, 73, 74, 79, 101, 105, 117, 134, 144, 162, 165, 201, 203, 225, 252, 269, 288, 300, 302, 314, 323, 333, 363, 388, 391, 398, 406, 411, 419, 437, 442, 458, 464, 484, 507, 668, 724, 725, 759, 762, 795, 809, 836, 845, 861, 916, 923]
- Resultado inicial: 2520.0
- Solução final 
[1, 11, 15, 24, 26, 59, 73, 74, 79, 101, 105, 117, 134, 144, 162, 165, 201, 203, 225, 252, 269, 288, 300, 302, 314, 323, 333, 363, 388, 391, 398, 406, 411, 419, 437, 442, 458, 464, 484, 507, 668, 724, 725, 759, 762, 795, 809, 836, 845, 861, 916, 923]
- Resultado final: 2520.0
- Tempo: 8.174234289s
 ----------------------- 

                    Iteração 21:
- Solução inicial 
[16, 30, 35, 44, 51, 66, 88, 102, 107, 134, 136, 138, 150, 152, 164, 166, 181, 206, 207, 226, 233, 237, 297, 298, 326, 331, 355, 359, 388, 396, 425, 437, 445, 459, 461, 512, 527, 533, 539, 547, 611, 621, 646, 655, 673, 677, 732, 754, 764, 844, 914, 922]
- Resultado inicial: 2520.0
- Solução final 
[16, 30, 35, 44, 51, 66, 88, 102, 107, 134, 136, 138, 150, 152, 164, 166, 181, 206, 207, 226, 233, 237, 297, 298, 326, 331, 355, 359, 388, 396, 425, 437, 445, 459, 461, 512, 527, 533, 539, 547, 611, 621, 646, 655, 673, 677, 732, 754, 764, 844, 914, 922]
- Resultado final: 2520.0
- Tempo: 7.891308958s
 ----------------------- 

                    Iteração 22:
- Solução inicial 
[0, 27, 31, 42, 49, 73, 79, 84, 88, 111, 133, 183, 186, 200, 212, 224, 238, 240, 276, 287, 288, 297, 320, 327, 329, 353, 393, 403, 422, 437, 444, 481, 491, 522, 553, 562, 575, 635, 644, 658, 673, 687, 694, 831, 845, 895, 910, 968, 980]
- Resultado inicial: 2490.0
- Solução final 
[0, 27, 31, 42, 49, 73, 79, 84, 88, 111, 133, 183, 186, 200, 212, 224, 238, 240, 276, 287, 288, 297, 320, 327, 329, 353, 393, 403, 422, 437, 444, 481, 491, 522, 553, 562, 575, 635, 644, 658, 673, 687, 694, 831, 845, 895, 910, 968, 980]
- Resultado final: 2490.0
- Tempo: 8.199449671s
 ----------------------- 

                    Iteração 23:
- Solução inicial 
[1, 8, 17, 19, 20, 23, 25, 33, 34, 36, 52, 63, 64, 67, 72, 135, 152, 194, 198, 210, 227, 238, 249, 258, 269, 304, 327, 347, 363, 422, 423, 463, 476, 608, 659, 678, 683, 703, 723, 757, 790, 824, 836, 852, 887, 889, 891, 928, 954, 983]
- Resultado inicial: 2499.0
- Solução final 
[1, 8, 17, 19, 20, 23, 25, 33, 34, 36, 52, 63, 64, 67, 72, 135, 152, 194, 198, 210, 227, 238, 249, 258, 269, 304, 327, 347, 363, 422, 423, 463, 476, 608, 659, 678, 683, 703, 723, 757, 790, 824, 836, 852, 887, 889, 891, 928, 954, 983]
- Resultado final: 2499.0
- Tempo: 8.372820486s
 ----------------------- 

                    Iteração 24:
- Solução inicial 
[0, 31, 53, 79, 82, 96, 101, 111, 113, 135, 140, 144, 149, 180, 192, 193, 199, 219, 223, 243, 248, 250, 265, 276, 329, 333, 338, 340, 352, 365, 422, 468, 474, 482, 490, 492, 553, 600, 614, 653, 670, 769, 792, 834, 837, 848, 859, 883, 888, 993]
- Resultado inicial: 2499.0
- Solução final 
[0, 31, 53, 79, 82, 96, 101, 111, 113, 135, 140, 144, 149, 180, 192, 193, 199, 219, 223, 243, 248, 250, 265, 276, 329, 333, 338, 340, 352, 365, 422, 468, 474, 482, 490, 492, 553, 600, 614, 653, 670, 769, 792, 834, 837, 848, 859, 883, 888, 993]
- Resultado final: 2499.0
- Tempo: 8.160119893s
 ----------------------- 

                    Iteração 25:
- Solução inicial 
[9, 18, 19, 36, 38, 42, 71, 93, 94, 111, 145, 171, 189, 193, 201, 210, 212, 213, 214, 223, 224, 273, 278, 282, 295, 313, 321, 331, 344, 369, 384, 397, 399, 411, 486, 490, 493, 573, 575, 588, 651, 653, 659, 668, 725, 762, 764, 765, 809, 855, 865, 882]
- Resultado inicial: 2520.0
- Solução final 
[9, 18, 19, 36, 38, 42, 71, 93, 94, 111, 145, 171, 189, 193, 201, 210, 212, 213, 214, 223, 224, 273, 278, 282, 295, 313, 321, 331, 344, 369, 384, 397, 399, 411, 486, 490, 493, 573, 575, 588, 651, 653, 659, 668, 725, 762, 764, 765, 809, 855, 865, 882]
- Resultado final: 2520.0
- Tempo: 8.579946408s
 ----------------------- 

                    Iteração 26:
- Solução inicial 
[20, 39, 60, 67, 81, 117, 123, 125, 130, 140, 177, 179, 195, 198, 238, 246, 257, 264, 273, 281, 282, 296, 326, 327, 345, 371, 395, 401, 428, 440, 465, 491, 499, 524, 542, 569, 579, 581, 595, 633, 656, 668, 729, 813, 834, 851, 858, 859, 874]
- Resultado inicial: 2488.0
- Solução final 
[20, 39, 60, 67, 81, 117, 123, 125, 130, 140, 177, 179, 195, 198, 238, 246, 257, 264, 273, 281, 282, 296, 326, 327, 345, 371, 395, 401, 428, 440, 465, 491, 499, 524, 542, 569, 579, 581, 595, 633, 656, 668, 729, 813, 834, 851, 858, 859, 874]
- Resultado final: 2488.0
- Tempo: 7.83320967s
Nenhuma melhora encontrada na vizinhança. Busca Local terminada.
 ----------------------- 

                    Iteração 27:
- Solução inicial 
[7, 14, 16, 29, 32, 48, 59, 60, 63, 76, 82, 109, 145, 147, 163, 233, 238, 241, 242, 246, 270, 295, 322, 350, 356, 371, 376, 400, 403, 413, 450, 456, 512, 547, 577, 580, 604, 613, 639, 659, 674, 695, 705, 747, 759, 761, 797, 865, 920, 942]
- Resultado inicial: 2498.0
- Solução final 
[7, 14, 16, 29, 32, 48, 59, 60, 63, 76, 82, 109, 145, 147, 163, 233, 238, 241, 242, 246, 270, 295, 322, 350, 356, 371, 376, 400, 403, 413, 450, 456, 512, 547, 577, 580, 604, 613, 639, 659, 674, 695, 705, 747, 759, 761, 797, 865, 920, 942]
- Resultado final: 2498.0
- Tempo: 7.786097916s
 ----------------------- 

                    Iteração 28:
- Solução inicial 
[6, 25, 47, 70, 74, 86, 93, 94, 120, 122, 143, 151, 152, 169, 180, 189, 194, 202, 213, 218, 219, 228, 234, 265, 286, 296, 315, 334, 340, 352, 359, 371, 387, 416, 446, 528, 534, 554, 563, 585, 628, 707, 708, 709, 721, 728, 751, 786, 801, 824, 872, 935]
- Resultado inicial: 2519.0
- Solução final 
[6, 25, 47, 70, 74, 86, 93, 94, 120, 122, 143, 151, 152, 169, 180, 189, 194, 202, 213, 218, 219, 228, 234, 265, 286, 296, 315, 334, 340, 352, 359, 371, 387, 416, 446, 528, 534, 554, 563, 585, 628, 707, 708, 709, 721, 728, 751, 786, 801, 824, 872, 935]
- Resultado final: 2519.0
- Tempo: 7.396531645s
 ----------------------- 

                    Iteração 29:
- Solução inicial 
[4, 13, 17, 20, 25, 33, 34, 37, 38, 44, 53, 87, 130, 138, 159, 164, 208, 235, 238, 244, 247, 261, 288, 293, 300, 306, 347, 403, 424, 454, 503, 531, 547, 565, 574, 599, 607, 624, 679, 695, 708, 712, 742, 780, 794, 805, 845, 887, 918, 946]
- Resultado inicial: 2500.0
- Solução final 
[4, 13, 17, 20, 25, 33, 34, 37, 38, 44, 53, 87, 130, 138, 159, 164, 208, 235, 238, 244, 247, 261, 288, 293, 300, 306, 347, 403, 424, 454, 503, 531, 547, 565, 574, 599, 607, 624, 679, 695, 708, 712, 742, 780, 794, 805, 845, 887, 918, 946]
- Resultado final: 2500.0
- Tempo: 8.068340344s
 ----------------------- 

                    Iteração 30:
- Solução inicial 
[0, 11, 16, 18, 19, 25, 43, 47, 65, 67, 68, 77, 98, 104, 116, 146, 169, 193, 199, 202, 218, 234, 251, 316, 322, 333, 344, 350, 407, 409, 453, 485, 486, 498, 509, 522, 548, 550, 552, 604, 609, 617, 628, 647, 665, 714, 764, 784, 816, 940, 942, 968]
- Resultado inicial: 2510.0
- Solução final 
[0, 11, 16, 18, 19, 25, 43, 47, 65, 67, 68, 77, 98, 104, 116, 146, 169, 193, 199, 202, 218, 234, 251, 316, 322, 333, 344, 350, 407, 409, 453, 485, 486, 498, 509, 522, 548, 550, 552, 604, 609, 617, 628, 647, 665, 714, 764, 784, 816, 940, 942, 968]
- Resultado final: 2510.0
- Tempo: 7.858631188s
