ep04
 ----------------------- 

                    Iteração 1:
- Solução inicial 
[22, 30, 37, 54, 79, 85, 97, 119, 123, 142, 156, 170, 171, 174, 198, 213, 224, 235, 242, 263, 273, 284, 301, 304, 312, 315, 330, 331, 353, 358, 375, 397, 417, 467, 470, 503, 506, 514, 515, 540, 544, 604, 610, 645, 681, 722, 730, 748, 765, 787, 822, 834, 921]
- Resultado inicial: 2525.0
- Solução final 
[22, 30, 37, 54, 79, 85, 97, 119, 123, 142, 156, 170, 171, 174, 198, 213, 224, 235, 242, 263, 273, 284, 301, 304, 312, 315, 330, 331, 353, 358, 375, 397, 417, 467, 470, 503, 506, 514, 515, 540, 544, 604, 610, 645, 681, 722, 730, 748, 765, 787, 822, 834, 921]
- Resultado final: 2525.0
- Tempo: 5.886915216s
 ----------------------- 

                    Iteração 2:
- Solução inicial 
[16, 31, 38, 39, 47, 64, 67, 68, 71, 80, 90, 92, 131, 162, 188, 192, 204, 209, 219, 231, 234, 241, 267, 292, 323, 331, 339, 364, 379, 390, 445, 449, 476, 488, 491, 525, 556, 595, 614, 617, 636, 682, 701, 712, 735, 770, 807, 814, 829, 877, 909, 956]
- Resultado inicial: 2518.0
- Solução final 
[16, 31, 38, 39, 47, 64, 67, 68, 71, 80, 90, 92, 131, 162, 188, 192, 204, 209, 219, 231, 234, 241, 267, 292, 323, 331, 339, 364, 379, 390, 445, 449, 476, 488, 491, 525, 556, 595, 614, 617, 636, 682, 701, 712, 735, 770, 807, 814, 829, 877, 909, 956]
- Resultado final: 2518.0
- Tempo: 5.810787221s
 ----------------------- 

                    Iteração 3:
- Solução inicial 
[3, 4, 9, 22, 33, 53, 54, 68, 71, 86, 90, 105, 117, 126, 167, 198, 239, 246, 255, 266, 271, 293, 294, 296, 303, 311, 318, 324, 344, 345, 350, 364, 406, 411, 421, 468, 474, 547, 559, 564, 575, 628, 651, 672, 682, 699, 767, 784, 876, 921, 938, 969, 994]
- Resultado inicial: 2521.0
- Solução final 
[3, 4, 9, 22, 33, 53, 54, 68, 71, 86, 90, 105, 117, 126, 167, 198, 239, 246, 255, 266, 271, 293, 294, 296, 303, 311, 318, 324, 344, 345, 350, 364, 406, 411, 421, 468, 474, 547, 559, 564, 575, 628, 651, 672, 682, 699, 767, 784, 876, 921, 938, 969, 994]
- Resultado final: 2521.0
- Tempo: 6.820076033s
 ----------------------- 

                    Iteração 4:
- Solução inicial 
[26, 28, 29, 78, 88, 112, 119, 134, 144, 150, 155, 163, 187, 239, 246, 254, 259, 260, 264, 285, 300, 334, 340, 349, 384, 393, 403, 405, 421, 454, 456, 460, 480, 484, 497, 503, 518, 543, 565, 582, 592, 633, 635, 654, 664, 704, 736, 763, 784, 886, 980]
- Resultado inicial: 2504.0
- Solução final 
[26, 28, 29, 78, 88, 112, 119, 134, 144, 150, 155, 163, 187, 239, 246, 254, 259, 260, 264, 285, 300, 334, 340, 349, 384, 393, 403, 405, 421, 454, 456, 460, 480, 484, 497, 503, 518, 543, 565, 582, 592, 633, 635, 654, 664, 704, 736, 763, 784, 886, 980]
- Resultado final: 2504.0
- Tempo: 8.766933076s
 ----------------------- 

                    Iteração 5:
- Solução inicial 
[0, 2, 7, 17, 33, 56, 81, 117, 135, 153, 155, 164, 171, 172, 200, 204, 236, 239, 246, 264, 269, 277, 285, 297, 299, 313, 317, 331, 334, 344, 354, 365, 367, 385, 402, 403, 416, 427, 513, 542, 544, 555, 563, 564, 572, 608, 682, 708, 858, 861, 878, 901, 963, 966]
- Resultado inicial: 2536.0
- Solução final 
[0, 2, 7, 17, 33, 56, 81, 117, 135, 153, 155, 164, 171, 172, 200, 204, 236, 239, 246, 264, 269, 277, 285, 297, 299, 313, 317, 331, 334, 344, 354, 365, 367, 385, 402, 403, 416, 427, 513, 542, 544, 555, 563, 564, 572, 608, 682, 708, 858, 861, 878, 901, 963, 966]
- Resultado final: 2536.0
- Tempo: 8.235638478s
 ----------------------- 

                    Iteração 6:
- Solução inicial 
[4, 35, 39, 44, 53, 54, 55, 59, 68, 74, 76, 105, 115, 126, 147, 151, 156, 201, 207, 234, 244, 256, 297, 299, 409, 429, 431, 449, 463, 487, 490, 552, 559, 562, 568, 570, 571, 646, 683, 688, 691, 735, 765, 824, 831, 832, 842, 877, 919, 923]
- Resultado inicial: 2495.0
- Solução final 
[4, 35, 39, 44, 53, 54, 55, 59, 68, 74, 76, 105, 115, 126, 147, 151, 156, 201, 207, 234, 244, 256, 297, 299, 409, 429, 431, 449, 463, 487, 490, 552, 559, 562, 568, 570, 571, 646, 683, 688, 691, 735, 765, 824, 831, 832, 842, 877, 919, 923]
- Resultado final: 2495.0
- Tempo: 8.228265926s
 ----------------------- 

                    Iteração 7:
- Solução inicial 
[1, 2, 38, 56, 66, 122, 130, 137, 140, 145, 155, 157, 168, 182, 204, 222, 227, 247, 276, 300, 320, 325, 332, 345, 346, 357, 360, 376, 396, 411, 420, 424, 483, 541, 559, 564, 592, 593, 607, 642, 665, 683, 694, 753, 804, 810, 847, 867, 909, 997]
- Resultado inicial: 2490.0
- Solução final 
[1, 2, 38, 56, 66, 122, 130, 137, 140, 145, 155, 157, 168, 182, 204, 222, 227, 247, 276, 300, 320, 325, 332, 345, 346, 357, 360, 376, 396, 411, 420, 424, 483, 541, 559, 564, 592, 593, 607, 642, 665, 683, 694, 753, 804, 810, 847, 867, 909, 997]
- Resultado final: 2490.0
- Tempo: 7.689508975s
 ----------------------- 

                    Iteração 8:
- Solução inicial 
[4, 7, 13, 17, 21, 29, 39, 43, 62, 83, 98, 101, 106, 114, 157, 174, 175, 198, 224, 232, 239, 248, 256, 263, 264, 274, 276, 292, 340, 406, 469, 485, 492, 520, 527, 544, 567, 574, 630, 679, 699, 703, 708, 710, 780, 797, 822, 838, 844, 849, 955, 971]
- Resultado inicial: 2516.0
- Solução final 
[4, 7, 13, 17, 21, 29, 39, 43, 62, 83, 98, 101, 106, 114, 157, 174, 175, 198, 224, 232, 239, 248, 256, 263, 264, 274, 276, 292, 340, 406, 469, 485, 492, 520, 527, 544, 567, 574, 630, 679, 699, 703, 708, 710, 780, 797, 822, 838, 844, 849, 955, 971]
- Resultado final: 2516.0
- Tempo: 7.735396652s
 ----------------------- 

                    Iteração 9:
- Solução inicial 
[18, 23, 35, 81, 83, 90, 95, 99, 106, 111, 144, 153, 163, 167, 183, 225, 229, 244, 264, 298, 312, 322, 325, 346, 357, 382, 386, 389, 392, 413, 420, 445, 473, 494, 520, 541, 552, 555, 566, 574, 577, 582, 602, 631, 648, 720, 741, 748, 749, 752, 810, 894]
- Resultado inicial: 2506.0
- Solução final 
[18, 23, 35, 81, 83, 90, 95, 99, 106, 111, 144, 153, 163, 167, 183, 225, 229, 244, 264, 298, 312, 322, 325, 346, 357, 382, 386, 389, 392, 413, 420, 445, 473, 494, 520, 541, 552, 555, 566, 574, 577, 582, 602, 631, 648, 720, 741, 748, 749, 752, 810, 894]
- Resultado final: 2506.0
- Tempo: 7.792215733s
 ----------------------- 

                    Iteração 10:
- Solução inicial 
[21, 23, 37, 54, 58, 64, 72, 81, 89, 112, 125, 130, 142, 147, 155, 158, 160, 166, 175, 235, 257, 263, 354, 388, 402, 407, 415, 425, 427, 462, 482, 488, 502, 569, 571, 582, 589, 600, 674, 686, 754, 758, 776, 780, 802, 838, 842, 877, 908, 928]
- Resultado inicial: 2494.0
- Solução final 
[21, 23, 37, 54, 58, 64, 72, 81, 89, 112, 125, 130, 142, 147, 155, 158, 160, 166, 175, 235, 257, 263, 354, 388, 402, 407, 415, 425, 427, 462, 482, 488, 502, 569, 571, 582, 589, 600, 674, 686, 754, 758, 776, 780, 802, 838, 842, 877, 908, 928]
- Resultado final: 2494.0
- Tempo: 7.652028164s
 ----------------------- 

                    Iteração 11:
- Solução inicial 
[8, 21, 33, 38, 44, 49, 78, 85, 116, 142, 154, 170, 171, 195, 202, 235, 247, 251, 260, 262, 264, 281, 309, 342, 354, 356, 379, 385, 388, 402, 426, 442, 455, 484, 557, 570, 594, 619, 620, 652, 705, 717, 737, 774, 798, 880, 887, 976, 985, 989]
- Resultado inicial: 2497.0
- Solução final 
[8, 21, 33, 38, 44, 49, 78, 85, 116, 142, 154, 170, 171, 195, 202, 235, 247, 251, 260, 262, 264, 281, 309, 342, 354, 356, 379, 385, 388, 402, 426, 442, 455, 484, 557, 570, 594, 619, 620, 652, 705, 717, 737, 774, 798, 880, 887, 976, 985, 989]
- Resultado final: 2497.0
- Tempo: 8.102013382s
 ----------------------- 

                    Iteração 12:
- Solução inicial 
[24, 31, 64, 72, 76, 77, 81, 92, 95, 110, 120, 126, 135, 171, 174, 181, 185, 187, 240, 242, 261, 262, 265, 281, 292, 302, 310, 331, 337, 369, 384, 452, 456, 459, 473, 482, 488, 493, 576, 578, 592, 595, 598, 605, 684, 689, 710, 727, 832, 884, 921, 956, 973]
- Resultado inicial: 2526.0
- Solução final 
[24, 31, 64, 72, 76, 77, 81, 92, 95, 110, 120, 126, 135, 171, 174, 181, 185, 187, 240, 242, 261, 262, 265, 281, 292, 302, 310, 331, 337, 369, 384, 452, 456, 459, 473, 482, 488, 493, 576, 578, 592, 595, 598, 605, 684, 689, 710, 727, 832, 884, 921, 956, 973]
- Resultado final: 2526.0
- Tempo: 8.268322213s
 ----------------------- 

                    Iteração 13:
- Solução inicial 
[4, 7, 26, 38, 48, 66, 68, 69, 73, 78, 93, 96, 103, 159, 163, 183, 202, 246, 250, 285, 303, 306, 307, 315, 319, 344, 358, 364, 376, 383, 392, 440, 447, 451, 519, 562, 576, 592, 625, 661, 688, 697, 792, 798, 839, 855, 862, 902, 910, 912, 916]
- Resultado inicial: 2509.0
- Solução final 
[4, 7, 26, 38, 48, 66, 68, 69, 73, 78, 93, 96, 103, 159, 163, 183, 202, 246, 250, 285, 303, 306, 307, 315, 319, 344, 358, 364, 376, 383, 392, 440, 447, 451, 519, 562, 576, 592, 625, 661, 688, 697, 792, 798, 839, 855, 862, 902, 910, 912, 916]
- Resultado final: 2509.0
- Tempo: 8.25074306s
 ----------------------- 

                    Iteração 14:
- Solução inicial 
[3, 12, 28, 53, 82, 89, 99, 120, 123, 153, 160, 171, 172, 230, 236, 243, 253, 263, 298, 301, 309, 331, 333, 344, 357, 365, 388, 396, 402, 409, 423, 430, 451, 457, 468, 470, 477, 492, 493, 515, 533, 539, 564, 632, 654, 685, 787, 818, 851, 865, 871, 920]
- Resultado inicial: 2509.0
- Solução final 
[3, 12, 28, 53, 82, 89, 99, 120, 123, 153, 160, 171, 172, 230, 236, 243, 253, 263, 298, 301, 309, 331, 333, 344, 357, 365, 388, 396, 402, 409, 423, 430, 451, 457, 468, 470, 477, 492, 493, 515, 533, 539, 564, 632, 654, 685, 787, 818, 851, 865, 871, 920]
- Resultado final: 2509.0
- Tempo: 8.633022827s
 ----------------------- 

                    Iteração 15:
- Solução inicial 
[19, 28, 59, 76, 77, 89, 93, 95, 149, 162, 164, 177, 182, 199, 210, 222, 226, 227, 233, 243, 285, 299, 328, 332, 335, 452, 460, 466, 469, 503, 538, 544, 579, 584, 598, 607, 621, 635, 637, 651, 670, 704, 715, 765, 809, 842, 857, 877, 968]
- Resultado inicial: 2490.0
- Solução final 
[19, 28, 59, 76, 77, 89, 93, 95, 149, 162, 164, 177, 182, 199, 210, 222, 226, 227, 233, 243, 285, 299, 328, 332, 335, 452, 460, 466, 469, 503, 538, 544, 579, 584, 598, 607, 621, 635, 637, 651, 670, 704, 715, 765, 809, 842, 857, 877, 968]
- Resultado final: 2490.0
- Tempo: 7.989899839s
 ----------------------- 

                    Iteração 16:
- Solução inicial 
[0, 1, 4, 19, 36, 54, 55, 71, 109, 115, 131, 138, 177, 186, 194, 225, 241, 244, 260, 279, 291, 316, 330, 342, 343, 363, 368, 399, 438, 440, 445, 458, 460, 509, 537, 538, 539, 545, 572, 646, 666, 737, 812, 856, 876, 892, 894, 954, 985, 999]
- Resultado inicial: 2498.0
- Solução final 
[0, 1, 4, 19, 36, 54, 55, 71, 109, 115, 131, 138, 177, 186, 194, 225, 241, 244, 260, 279, 291, 316, 330, 342, 343, 363, 368, 399, 438, 440, 445, 458, 460, 509, 537, 538, 539, 545, 572, 646, 666, 737, 812, 856, 876, 892, 894, 954, 985, 999]
- Resultado final: 2498.0
- Tempo: 7.475100763s
 ----------------------- 

                    Iteração 17:
- Solução inicial 
[6, 22, 26, 33, 36, 68, 74, 77, 99, 166, 172, 175, 182, 187, 191, 198, 199, 248, 251, 271, 297, 298, 313, 334, 336, 341, 411, 451, 472, 481, 503, 519, 544, 546, 558, 572, 579, 617, 626, 644, 645, 677, 698, 706, 735, 752, 838, 864, 904, 963]
- Resultado inicial: 2485.0
- Solução final 
[6, 22, 26, 33, 36, 68, 74, 77, 99, 166, 172, 175, 182, 187, 191, 198, 199, 248, 251, 271, 297, 298, 313, 334, 336, 341, 411, 451, 472, 481, 503, 519, 544, 546, 558, 572, 579, 617, 626, 644, 645, 677, 698, 706, 735, 752, 838, 864, 904, 963]
- Resultado final: 2485.0
- Tempo: 8.709491659s
 ----------------------- 

                    Iteração 18:
- Solução inicial 
[2, 6, 10, 13, 42, 54, 65, 85, 97, 111, 124, 137, 155, 174, 181, 193, 209, 235, 279, 289, 302, 304, 319, 330, 355, 356, 364, 374, 391, 473, 484, 493, 516, 528, 529, 562, 641, 703, 708, 739, 765, 768, 859, 915, 921, 935, 959, 970, 975]
- Resultado inicial: 2487.0
- Solução final 
[2, 6, 10, 13, 42, 54, 65, 85, 97, 111, 124, 137, 155, 174, 181, 193, 209, 235, 279, 289, 302, 304, 319, 330, 355, 356, 364, 374, 391, 473, 484, 493, 516, 528, 529, 562, 641, 703, 708, 739, 765, 768, 859, 915, 921, 935, 959, 970, 975]
- Resultado final: 2487.0
- Tempo: 8.25642387s
 ----------------------- 

                    Iteração 19:
- Solução inicial 
[5, 9, 23, 40, 65, 67, 92, 103, 106, 117, 134, 144, 150, 162, 193, 194, 214, 248, 265, 272, 280, 301, 303, 355, 364, 382, 407, 426, 429, 439, 440, 452, 478, 497, 500, 554, 599, 618, 676, 686, 693, 700, 717, 764, 790, 838, 852, 938, 946, 949]
- Resultado inicial: 2481.0
- Solução final 
[5, 9, 23, 40, 65, 67, 92, 103, 106, 117, 134, 144, 150, 162, 193, 194, 214, 248, 265, 272, 280, 301, 303, 355, 364, 382, 407, 426, 429, 439, 440, 452, 478, 497, 500, 554, 599, 618, 676, 686, 693, 700, 717, 764, 790, 838, 852, 938, 946, 949]
- Resultado final: 2481.0
- Tempo: 8.136334056s
 ----------------------- 

                    Iteração 20:
- Solução inicial 
[1, 4, 26, 32, 47, 70, 76, 89, 101, 105, 124, 126, 140, 149, 192, 193, 206, 212, 235, 279, 286, 307, 354, 362, 367, 379, 396, 404, 432, 437, 444, 459, 522, 567, 581, 615, 634, 635, 640, 649, 655, 683, 724, 781, 795, 816, 870, 872, 890, 997]
- Resultado inicial: 2489.0
- Solução final 
[1, 4, 26, 32, 47, 70, 76, 89, 101, 105, 124, 126, 140, 149, 192, 193, 206, 212, 235, 279, 286, 307, 354, 362, 367, 379, 396, 404, 432, 437, 444, 459, 522, 567, 581, 615, 634, 635, 640, 649, 655, 683, 724, 781, 795, 816, 870, 872, 890, 997]
- Resultado final: 2489.0
- Tempo: 8.250681975s
 ----------------------- 

                    Iteração 21:
- Solução inicial 
[2, 10, 24, 63, 105, 124, 132, 133, 147, 150, 175, 179, 205, 222, 228, 233, 250, 269, 313, 316, 323, 330, 356, 357, 359, 372, 412, 423, 452, 463, 465, 473, 480, 500, 501, 512, 542, 546, 598, 703, 736, 810, 812, 816, 866, 877, 890, 894, 980]
- Resultado inicial: 2489.0
- Solução final 
[2, 10, 24, 63, 105, 124, 132, 133, 147, 150, 175, 179, 205, 222, 228, 233, 250, 269, 313, 316, 323, 330, 356, 357, 359, 372, 412, 423, 452, 463, 465, 473, 480, 500, 501, 512, 542, 546, 598, 703, 736, 810, 812, 816, 866, 877, 890, 894, 980]
- Resultado final: 2489.0
- Tempo: 8.580835385s
 ----------------------- 

                    Iteração 22:
- Solução inicial 
[10, 20, 35, 38, 51, 80, 85, 101, 109, 123, 140, 149, 157, 165, 175, 190, 250, 263, 267, 301, 307, 327, 330, 336, 337, 371, 379, 391, 406, 408, 429, 453, 495, 504, 528, 619, 642, 649, 682, 695, 699, 720, 750, 795, 807, 829, 832, 834, 847, 955]
- Resultado inicial: 2498.0
- Solução final 
[10, 20, 35, 38, 51, 80, 85, 101, 109, 123, 140, 149, 157, 165, 175, 190, 250, 263, 267, 301, 307, 327, 330, 336, 337, 371, 379, 391, 406, 408, 429, 453, 495, 504, 528, 619, 642, 649, 682, 695, 699, 720, 750, 795, 807, 829, 832, 834, 847, 955]
- Resultado final: 2498.0
- Tempo: 8.594443445s
 ----------------------- 

                    Iteração 23:
- Solução inicial 
[23, 60, 67, 85, 89, 98, 107, 162, 165, 175, 193, 208, 212, 223, 254, 280, 285, 291, 336, 355, 358, 373, 390, 395, 397, 407, 408, 410, 412, 421, 471, 477, 494, 503, 536, 601, 607, 614, 638, 706, 713, 770, 831, 836, 849, 932, 967, 989]
- Resultado inicial: 2480.0
- Solução final 
[23, 60, 67, 85, 89, 98, 107, 162, 165, 175, 193, 208, 212, 223, 254, 280, 285, 291, 336, 355, 358, 373, 390, 395, 397, 407, 408, 410, 412, 421, 471, 477, 494, 503, 536, 601, 607, 614, 638, 706, 713, 770, 831, 836, 849, 932, 967, 989]
- Resultado final: 2480.0
- Tempo: 8.369589728s
 ----------------------- 

                    Iteração 24:
- Solução inicial 
[1, 30, 42, 59, 68, 83, 135, 170, 174, 180, 232, 236, 239, 265, 300, 302, 310, 314, 333, 335, 341, 348, 369, 378, 392, 398, 403, 405, 425, 429, 461, 474, 512, 522, 565, 647, 651, 659, 661, 662, 715, 739, 765, 813, 855, 865, 939, 965]
- Resultado inicial: 2479.0
- Solução final 
[1, 30, 42, 59, 68, 83, 135, 170, 174, 180, 232, 236, 239, 265, 300, 302, 310, 314, 333, 335, 341, 348, 369, 378, 392, 398, 403, 405, 425, 429, 461, 474, 512, 522, 565, 647, 651, 659, 661, 662, 715, 739, 765, 813, 855, 865, 939, 965]
- Resultado final: 2479.0
- Tempo: 8.185661459s
 ----------------------- 

                    Iteração 25:
- Solução inicial 
[4, 44, 63, 64, 77, 90, 93, 108, 122, 131, 145, 146, 180, 183, 188, 200, 207, 244, 285, 298, 303, 317, 329, 331, 341, 383, 404, 434, 445, 446, 458, 465, 491, 513, 524, 534, 556, 607, 670, 676, 691, 750, 758, 771, 782, 799, 824, 863, 871, 894]
- Resultado inicial: 2500.0
- Solução final 
[4, 44, 63, 64, 77, 90, 93, 108, 122, 131, 145, 146, 180, 183, 188, 200, 207, 244, 285, 298, 303, 317, 329, 331, 341, 383, 404, 434, 445, 446, 458, 465, 491, 513, 524, 534, 556, 607, 670, 676, 691, 750, 758, 771, 782, 799, 824, 863, 871, 894]
- Resultado final: 2500.0
- Tempo: 7.486171385s
 ----------------------- 

                    Iteração 26:
- Solução inicial 
[1, 36, 43, 52, 54, 55, 57, 58, 59, 111, 115, 137, 156, 169, 212, 213, 232, 248, 265, 294, 323, 335, 343, 350, 375, 377, 378, 400, 406, 409, 445, 460, 462, 495, 511, 523, 536, 546, 571, 727, 790, 804, 822, 835, 843, 853, 854, 857, 902, 967]
- Resultado inicial: 2499.0
- Solução final 
[1, 36, 43, 52, 54, 55, 57, 58, 59, 111, 115, 137, 156, 169, 212, 213, 232, 248, 265, 294, 323, 335, 343, 350, 375, 377, 378, 400, 406, 409, 445, 460, 462, 495, 511, 523, 536, 546, 571, 727, 790, 804, 822, 835, 843, 853, 854, 857, 902, 967]
- Resultado final: 2499.0
- Tempo: 7.76622887s
 ----------------------- 

                    Iteração 27:
- Solução inicial 
[5, 30, 38, 49, 84, 94, 111, 112, 114, 130, 131, 137, 140, 150, 158, 159, 161, 172, 180, 182, 196, 215, 218, 221, 225, 249, 298, 306, 310, 375, 414, 465, 469, 515, 541, 566, 578, 590, 591, 594, 608, 680, 711, 737, 752, 761, 827, 912, 926, 940, 952, 966]
- Resultado inicial: 2513.0
- Solução final 
[5, 30, 38, 49, 84, 94, 111, 112, 114, 130, 131, 137, 140, 150, 158, 159, 161, 172, 180, 182, 196, 215, 218, 221, 225, 249, 298, 306, 310, 375, 414, 465, 469, 515, 541, 566, 578, 590, 591, 594, 608, 680, 711, 737, 752, 761, 827, 912, 926, 940, 952, 966]
- Resultado final: 2513.0
- Tempo: 8.287168851s
 ----------------------- 

                    Iteração 28:
- Solução inicial 
[7, 16, 17, 26, 31, 34, 54, 57, 93, 117, 120, 129, 155, 181, 184, 201, 209, 222, 226, 247, 283, 289, 310, 313, 321, 324, 386, 404, 423, 430, 496, 533, 545, 558, 562, 564, 572, 583, 621, 666, 673, 762, 772, 837, 857, 869, 918, 923, 973, 979]
- Resultado inicial: 2499.0
- Solução final 
[7, 16, 17, 26, 31, 34, 54, 57, 93, 117, 120, 129, 155, 181, 184, 201, 209, 222, 226, 247, 283, 289, 310, 313, 321, 324, 386, 404, 423, 430, 496, 533, 545, 558, 562, 564, 572, 583, 621, 666, 673, 762, 772, 837, 857, 869, 918, 923, 973, 979]
- Resultado final: 2499.0
- Tempo: 7.588629387s
 ----------------------- 

                    Iteração 29:
- Solução inicial 
[0, 7, 29, 33, 36, 47, 63, 80, 81, 93, 94, 108, 150, 158, 171, 179, 197, 222, 228, 239, 280, 286, 294, 300, 312, 313, 333, 339, 352, 367, 375, 401, 403, 418, 421, 490, 534, 544, 562, 563, 596, 605, 636, 648, 718, 730, 751, 796, 806, 868, 889, 973, 996]
- Resultado inicial: 2526.0
- Solução final 
[0, 7, 29, 33, 36, 47, 63, 80, 81, 93, 94, 108, 150, 158, 171, 179, 197, 222, 228, 239, 280, 286, 294, 300, 312, 313, 333, 339, 352, 367, 375, 401, 403, 418, 421, 490, 534, 544, 562, 563, 596, 605, 636, 648, 718, 730, 751, 796, 806, 868, 889, 973, 996]
- Resultado final: 2526.0
- Tempo: 7.173597033s
 ----------------------- 

                    Iteração 30:
- Solução inicial 
[31, 47, 49, 55, 67, 70, 97, 98, 140, 146, 158, 167, 175, 194, 200, 235, 270, 304, 308, 313, 321, 328, 341, 391, 394, 412, 424, 442, 458, 461, 466, 502, 512, 522, 545, 583, 597, 627, 649, 667, 701, 717, 724, 744, 791, 813, 863, 937, 956]
- Resultado inicial: 2478.0
- Solução final 
[31, 47, 49, 55, 67, 70, 97, 98, 140, 146, 158, 167, 175, 194, 200, 235, 270, 304, 308, 313, 321, 328, 341, 391, 394, 412, 424, 442, 458, 461, 466, 502, 512, 522, 545, 583, 597, 627, 649, 667, 701, 717, 724, 744, 791, 813, 863, 937, 956]
- Resultado final: 2478.0
- Tempo: 8.307728708s
