ep05
 ----------------------- 

                    Iteração 1:
- Solução inicial 
[4, 7, 45, 64, 68, 70, 100, 115, 175, 197, 206, 214, 237, 254, 258, 280, 291, 307, 308, 345, 352, 386, 423, 437, 477, 490, 495, 504, 537, 545, 552, 625, 626, 628, 661, 670, 678, 683, 755, 768, 772, 793, 814, 820, 824, 891]
- Resultado inicial: 2444.0
- Solução final 
[4, 7, 45, 64, 68, 70, 100, 115, 175, 197, 206, 214, 237, 254, 258, 280, 291, 307, 308, 345, 352, 386, 423, 437, 477, 490, 495, 504, 537, 545, 552, 625, 626, 628, 661, 670, 678, 683, 755, 768, 772, 793, 814, 820, 824, 891]
- Resultado final: 2444.0
- Tempo: 8.340890642s
 ----------------------- 

                    Iteração 2:
- Solução inicial 
[12, 40, 51, 57, 60, 68, 89, 91, 105, 110, 115, 137, 147, 148, 168, 181, 201, 220, 226, 234, 246, 253, 260, 280, 301, 311, 331, 336, 355, 388, 426, 455, 490, 527, 574, 612, 755, 773, 777, 796, 813, 861, 879, 886, 889, 908, 980, 981, 994]
- Resultado inicial: 2490.0
- Solução final 
[12, 40, 51, 57, 60, 68, 89, 91, 105, 110, 115, 137, 147, 148, 168, 181, 201, 220, 226, 234, 246, 253, 260, 280, 301, 311, 331, 336, 355, 388, 426, 455, 490, 527, 574, 612, 755, 773, 777, 796, 813, 861, 879, 886, 889, 908, 980, 981, 994]
- Resultado final: 2490.0
- Tempo: 7.746580706s
 ----------------------- 

                    Iteração 3:
- Solução inicial 
[38, 41, 43, 63, 79, 98, 103, 114, 134, 164, 169, 176, 177, 249, 258, 259, 276, 277, 289, 308, 310, 332, 383, 388, 416, 459, 473, 479, 480, 498, 585, 587, 621, 630, 636, 653, 657, 678, 699, 721, 728, 734, 787, 793, 858, 900, 950]
- Resultado inicial: 2453.0
- Solução final 
[38, 41, 43, 63, 79, 98, 103, 114, 134, 164, 169, 176, 177, 249, 258, 259, 276, 277, 289, 308, 310, 332, 383, 388, 416, 459, 473, 479, 480, 498, 585, 587, 621, 630, 636, 653, 657, 678, 699, 721, 728, 734, 787, 793, 858, 900, 950]
- Resultado final: 2453.0
- Tempo: 6.547788239s
 ----------------------- 

                    Iteração 4:
- Solução inicial 
[10, 20, 31, 45, 60, 68, 75, 138, 143, 166, 175, 195, 244, 264, 272, 301, 318, 331, 387, 392, 436, 465, 497, 535, 540, 554, 571, 587, 595, 627, 630, 674, 683, 718, 749, 761, 770, 779, 803, 824, 865, 878, 887, 904]
- Resultado inicial: 2440.0
- Solução final 
[10, 20, 31, 45, 60, 68, 75, 138, 143, 166, 175, 195, 244, 264, 272, 301, 318, 331, 387, 392, 436, 465, 497, 535, 540, 554, 571, 587, 595, 627, 630, 674, 683, 718, 749, 761, 770, 779, 803, 824, 865, 878, 887, 904]
- Resultado final: 2440.0
- Tempo: 6.439383678s
 ----------------------- 

                    Iteração 5:
- Solução inicial 
[2, 26, 31, 33, 49, 53, 55, 64, 90, 100, 117, 119, 120, 159, 223, 227, 252, 268, 273, 300, 332, 359, 384, 435, 444, 513, 516, 527, 536, 542, 599, 602, 626, 629, 672, 704, 766, 776, 812, 866, 876, 901, 954, 955, 967, 980]
- Resultado inicial: 2448.0
- Solução final 
[2, 26, 31, 33, 49, 53, 55, 64, 90, 100, 117, 119, 120, 159, 223, 227, 252, 268, 273, 300, 332, 359, 384, 435, 444, 513, 516, 527, 536, 542, 599, 602, 626, 629, 672, 704, 766, 776, 812, 866, 876, 901, 954, 955, 967, 980]
- Resultado final: 2448.0
- Tempo: 6.554299394s
 ----------------------- 

                    Iteração 6:
- Solução inicial 
[5, 20, 40, 63, 66, 87, 92, 111, 127, 136, 145, 146, 172, 199, 231, 233, 281, 320, 332, 347, 351, 362, 392, 408, 445, 458, 465, 485, 521, 540, 587, 600, 664, 688, 770, 827, 836, 839, 885, 909, 921, 925, 935, 952, 995]
- Resultado inicial: 2449.0
- Solução final 
[5, 20, 40, 63, 66, 87, 92, 111, 127, 136, 145, 146, 172, 199, 231, 233, 281, 320, 332, 347, 351, 362, 392, 408, 445, 458, 465, 485, 521, 540, 587, 600, 664, 688, 770, 827, 836, 839, 885, 909, 921, 925, 935, 952, 995]
- Resultado final: 2449.0
- Tempo: 7.31642161s
 ----------------------- 

                    Iteração 7:
- Solução inicial 
[0, 6, 20, 24, 30, 37, 76, 91, 114, 125, 147, 166, 187, 197, 209, 220, 246, 252, 254, 272, 357, 386, 397, 405, 428, 430, 450, 574, 588, 640, 648, 664, 742, 760, 801, 828, 836, 841, 855, 884, 902, 905, 932, 976, 994]
- Resultado inicial: 2447.0
- Solução final 
[0, 6, 20, 24, 30, 37, 76, 91, 114, 125, 147, 166, 187, 197, 209, 220, 246, 252, 254, 272, 357, 386, 397, 405, 428, 430, 450, 574, 588, 640, 648, 664, 742, 760, 801, 828, 836, 841, 855, 884, 902, 905, 932, 976, 994]
- Resultado final: 2447.0
- Tempo: 6.867567531s
 ----------------------- 

                    Iteração 8:
- Solução inicial 
[18, 34, 36, 50, 84, 102, 111, 165, 191, 194, 231, 236, 240, 263, 281, 307, 316, 322, 324, 351, 361, 363, 394, 395, 402, 483, 555, 557, 568, 575, 592, 607, 647, 653, 670, 690, 715, 756, 779, 840, 844, 845, 855, 860, 968]
- Resultado inicial: 2441.0
- Solução final 
[18, 34, 36, 50, 84, 102, 111, 165, 191, 194, 231, 236, 240, 263, 281, 307, 316, 322, 324, 351, 361, 363, 394, 395, 402, 483, 555, 557, 568, 575, 592, 607, 647, 653, 670, 690, 715, 756, 779, 840, 844, 845, 855, 860, 968]
- Resultado final: 2441.0
- Tempo: 6.56033824s
 ----------------------- 

                    Iteração 9:
- Solução inicial 
[31, 50, 52, 67, 68, 73, 80, 93, 97, 98, 162, 176, 188, 189, 210, 228, 239, 246, 258, 321, 327, 341, 353, 361, 367, 374, 437, 445, 456, 491, 513, 534, 569, 604, 631, 709, 746, 779, 797, 827, 864, 872, 885, 887, 912, 972, 989]
- Resultado inicial: 2470.0
- Solução final 
[31, 50, 52, 67, 68, 73, 80, 93, 97, 98, 162, 176, 188, 189, 210, 228, 239, 246, 258, 321, 327, 341, 353, 361, 367, 374, 437, 445, 456, 491, 513, 534, 569, 604, 631, 709, 746, 779, 797, 827, 864, 872, 885, 887, 912, 972, 989]
- Resultado final: 2470.0
- Tempo: 6.497695506s
 ----------------------- 

                    Iteração 10:
- Solução inicial 
[10, 54, 60, 85, 95, 97, 119, 179, 198, 203, 226, 267, 274, 282, 288, 289, 290, 348, 353, 356, 369, 405, 422, 426, 436, 450, 466, 478, 515, 522, 548, 552, 587, 616, 651, 674, 693, 704, 731, 891, 903, 925, 937, 941, 966]
- Resultado inicial: 2448.0
- Solução final 
[10, 54, 60, 85, 95, 97, 119, 179, 198, 203, 226, 267, 274, 282, 288, 289, 290, 348, 353, 356, 369, 405, 422, 426, 436, 450, 466, 478, 515, 522, 548, 552, 587, 616, 651, 674, 693, 704, 731, 891, 903, 925, 937, 941, 966]
- Resultado final: 2448.0
- Tempo: 6.524404686s
 ----------------------- 

                    Iteração 11:
- Solução inicial 
[31, 50, 52, 58, 71, 73, 95, 98, 112, 146, 260, 272, 294, 296, 299, 333, 341, 350, 389, 406, 408, 421, 449, 452, 456, 498, 508, 519, 546, 547, 593, 632, 633, 666, 742, 746, 769, 779, 823, 831, 836, 950, 955, 972]
- Resultado inicial: 2430.0
- Solução final 
[31, 50, 52, 58, 71, 73, 95, 98, 112, 146, 260, 272, 294, 296, 299, 333, 341, 350, 389, 406, 408, 421, 449, 452, 456, 498, 508, 519, 546, 547, 593, 632, 633, 666, 742, 746, 769, 779, 823, 831, 836, 950, 955, 972]
- Resultado final: 2430.0
- Tempo: 8.02918562s
 ----------------------- 

                    Iteração 12:
- Solução inicial 
[2, 19, 30, 34, 100, 114, 124, 136, 145, 179, 187, 213, 259, 266, 274, 280, 282, 287, 289, 340, 351, 356, 375, 435, 448, 451, 482, 536, 563, 582, 584, 587, 596, 614, 668, 694, 712, 781, 812, 842, 911, 944, 969, 981, 983]
- Resultado inicial: 2445.0
- Solução final 
[2, 19, 30, 34, 100, 114, 124, 136, 145, 179, 187, 213, 259, 266, 274, 280, 282, 287, 289, 340, 351, 356, 375, 435, 448, 451, 482, 536, 563, 582, 584, 587, 596, 614, 668, 694, 712, 781, 812, 842, 911, 944, 969, 981, 983]
- Resultado final: 2445.0
- Tempo: 7.207414651s
 ----------------------- 

                    Iteração 13:
- Solução inicial 
[5, 7, 16, 53, 55, 79, 82, 89, 96, 102, 105, 131, 150, 154, 164, 179, 207, 261, 268, 282, 332, 355, 394, 417, 460, 502, 547, 551, 593, 609, 661, 673, 719, 722, 757, 800, 817, 833, 870, 935, 937, 959, 977, 993, 994]
- Resultado inicial: 2441.0
- Solução final 
[5, 7, 16, 53, 55, 79, 82, 89, 96, 102, 105, 131, 150, 154, 164, 179, 207, 261, 268, 282, 332, 355, 394, 417, 460, 502, 547, 551, 593, 609, 661, 673, 719, 722, 757, 800, 817, 833, 870, 935, 937, 959, 977, 993, 994]
- Resultado final: 2441.0
- Tempo: 8.178324817s
 ----------------------- 

                    Iteração 14:
- Solução inicial 
[9, 11, 13, 19, 32, 47, 59, 70, 75, 77, 100, 106, 110, 119, 134, 140, 151, 173, 286, 321, 324, 326, 337, 389, 391, 410, 417, 422, 442, 449, 523, 568, 628, 655, 660, 670, 675, 680, 761, 766, 795, 883, 914, 919, 928, 931, 933, 973]
- Resultado inicial: 2467.0
- Solução final 
[9, 11, 13, 19, 32, 47, 59, 70, 75, 77, 100, 106, 110, 119, 134, 140, 151, 173, 286, 321, 324, 326, 337, 389, 391, 410, 417, 422, 442, 449, 523, 568, 628, 655, 660, 670, 675, 680, 761, 766, 795, 883, 914, 919, 928, 931, 933, 973]
- Resultado final: 2467.0
- Tempo: 9.014714095s
 ----------------------- 

                    Iteração 15:
- Solução inicial 
[39, 47, 61, 70, 82, 100, 101, 109, 119, 160, 162, 177, 207, 247, 287, 303, 315, 316, 329, 410, 418, 433, 439, 456, 464, 465, 511, 515, 556, 567, 619, 647, 671, 684, 691, 705, 742, 760, 776, 777, 778, 817, 912, 959, 965]
- Resultado inicial: 2450.0
- Solução final 
[39, 47, 61, 70, 82, 100, 101, 109, 119, 160, 162, 177, 207, 247, 287, 303, 315, 316, 329, 410, 418, 433, 439, 456, 464, 465, 511, 515, 556, 567, 619, 647, 671, 684, 691, 705, 742, 760, 776, 777, 778, 817, 912, 959, 965]
- Resultado final: 2450.0
- Tempo: 10.295437972s
 ----------------------- 

                    Iteração 16:
- Solução inicial 
[7, 39, 45, 68, 69, 90, 93, 132, 148, 164, 165, 206, 214, 253, 258, 318, 328, 336, 348, 384, 404, 419, 424, 455, 456, 473, 522, 534, 545, 553, 568, 587, 596, 614, 625, 680, 804, 807, 814, 823, 826, 836, 928, 975, 996]
- Resultado inicial: 2450.0
- Solução final 
[7, 39, 45, 68, 69, 90, 93, 132, 148, 164, 165, 206, 214, 253, 258, 318, 328, 336, 348, 384, 404, 419, 424, 455, 456, 473, 522, 534, 545, 553, 568, 587, 596, 614, 625, 680, 804, 807, 814, 823, 826, 836, 928, 975, 996]
- Resultado final: 2450.0
- Tempo: 9.675019443s
 ----------------------- 

                    Iteração 17:
- Solução inicial 
[11, 25, 51, 59, 72, 74, 117, 124, 127, 133, 135, 146, 163, 164, 180, 182, 216, 245, 261, 286, 311, 362, 430, 438, 448, 453, 473, 554, 563, 586, 610, 628, 637, 648, 659, 661, 709, 768, 803, 804, 877, 896, 934, 945, 953, 992]
- Resultado inicial: 2457.0
- Solução final 
[11, 25, 51, 59, 72, 74, 117, 124, 127, 133, 135, 146, 163, 164, 180, 182, 216, 245, 261, 286, 311, 362, 430, 438, 448, 453, 473, 554, 563, 586, 610, 628, 637, 648, 659, 661, 709, 768, 803, 804, 877, 896, 934, 945, 953, 992]
- Resultado final: 2457.0
- Tempo: 10.313856471s
 ----------------------- 

                    Iteração 18:
- Solução inicial 
[27, 29, 38, 48, 49, 55, 75, 84, 95, 103, 115, 124, 125, 134, 137, 138, 152, 165, 170, 172, 179, 308, 378, 450, 474, 480, 489, 497, 548, 587, 612, 630, 635, 656, 668, 678, 717, 762, 830, 844, 879, 882, 899, 902, 903, 989, 999]
- Resultado inicial: 2456.0
- Solução final 
[27, 29, 38, 48, 49, 55, 75, 84, 95, 103, 115, 124, 125, 134, 137, 138, 152, 165, 170, 172, 179, 308, 378, 450, 474, 480, 489, 497, 548, 587, 612, 630, 635, 656, 668, 678, 717, 762, 830, 844, 879, 882, 899, 902, 903, 989, 999]
- Resultado final: 2456.0
- Tempo: 9.491611956s
 ----------------------- 

                    Iteração 19:
- Solução inicial 
[25, 36, 38, 50, 85, 93, 130, 150, 174, 181, 186, 211, 216, 221, 234, 287, 288, 291, 294, 297, 354, 360, 419, 456, 472, 483, 541, 542, 546, 558, 560, 611, 631, 657, 661, 701, 715, 751, 846, 874, 909, 926, 943, 967, 979]
- Resultado inicial: 2450.0
- Solução final 
[25, 36, 38, 50, 85, 93, 130, 150, 174, 181, 186, 211, 216, 221, 234, 287, 288, 291, 294, 297, 354, 360, 419, 456, 472, 483, 541, 542, 546, 558, 560, 611, 631, 657, 661, 701, 715, 751, 846, 874, 909, 926, 943, 967, 979]
- Resultado final: 2450.0
- Tempo: 10.061965317s
 ----------------------- 

                    Iteração 20:
- Solução inicial 
[12, 16, 35, 45, 93, 97, 124, 143, 147, 190, 195, 203, 215, 219, 283, 313, 336, 348, 352, 362, 368, 372, 394, 396, 438, 445, 448, 480, 518, 527, 540, 569, 620, 635, 646, 652, 662, 663, 709, 759, 777, 789, 871, 902, 939, 984]
- Resultado inicial: 2454.0
- Solução final 
[12, 16, 35, 45, 93, 97, 124, 143, 147, 190, 195, 203, 215, 219, 283, 313, 336, 348, 352, 362, 368, 372, 394, 396, 438, 445, 448, 480, 518, 527, 540, 569, 620, 635, 646, 652, 662, 663, 709, 759, 777, 789, 871, 902, 939, 984]
- Resultado final: 2454.0
- Tempo: 9.867978352s
 ----------------------- 

                    Iteração 21:
- Solução inicial 
[6, 27, 41, 47, 65, 71, 84, 120, 169, 182, 236, 242, 243, 245, 279, 280, 289, 297, 300, 302, 307, 315, 336, 424, 444, 476, 541, 556, 557, 574, 584, 587, 601, 608, 636, 648, 659, 698, 732, 770, 797, 835, 847, 883, 968, 992]
- Resultado inicial: 2458.0
- Solução final 
[6, 27, 41, 47, 65, 71, 84, 120, 169, 182, 236, 242, 243, 245, 279, 280, 289, 297, 300, 302, 307, 315, 336, 424, 444, 476, 541, 556, 557, 574, 584, 587, 601, 608, 636, 648, 659, 698, 732, 770, 797, 835, 847, 883, 968, 992]
- Resultado final: 2458.0
- Tempo: 10.429299619s
 ----------------------- 

                    Iteração 22:
- Solução inicial 
[1, 5, 20, 42, 59, 83, 91, 109, 159, 162, 168, 178, 252, 264, 279, 321, 340, 351, 352, 372, 387, 393, 397, 408, 438, 444, 447, 480, 504, 518, 556, 604, 625, 639, 641, 651, 663, 698, 721, 737, 765, 812, 861, 869, 910, 955]
- Resultado inicial: 2443.0
- Solução final 
[1, 5, 20, 42, 59, 83, 91, 109, 159, 162, 168, 178, 252, 264, 279, 321, 340, 351, 352, 372, 387, 393, 397, 408, 438, 444, 447, 480, 504, 518, 556, 604, 625, 639, 641, 651, 663, 698, 721, 737, 765, 812, 861, 869, 910, 955]
- Resultado final: 2443.0
- Tempo: 9.355505336s
 ----------------------- 

                    Iteração 23:
- Solução inicial 
[20, 49, 70, 83, 87, 89, 93, 101, 111, 115, 127, 136, 167, 174, 199, 238, 261, 266, 320, 340, 347, 350, 351, 361, 386, 408, 428, 448, 458, 465, 536, 547, 580, 627, 628, 673, 681, 688, 727, 754, 856, 861, 878, 885, 909, 952, 964]
- Resultado inicial: 2451.0
- Solução final 
[20, 49, 70, 83, 87, 89, 93, 101, 111, 115, 127, 136, 167, 174, 199, 238, 261, 266, 320, 340, 347, 350, 351, 361, 386, 408, 428, 448, 458, 465, 536, 547, 580, 627, 628, 673, 681, 688, 727, 754, 856, 861, 878, 885, 909, 952, 964]
- Resultado final: 2451.0
- Tempo: 9.842665563s
 ----------------------- 

                    Iteração 24:
- Solução inicial 
[10, 11, 43, 51, 65, 69, 118, 138, 143, 151, 205, 219, 244, 245, 248, 283, 285, 294, 336, 344, 349, 352, 353, 357, 416, 418, 423, 474, 490, 514, 539, 551, 554, 580, 595, 608, 626, 648, 650, 740, 787, 806, 824, 870, 918, 956, 975]
- Resultado inicial: 2468.0
- Solução final 
[10, 11, 43, 51, 65, 69, 118, 138, 143, 151, 205, 219, 244, 245, 248, 283, 285, 294, 336, 344, 349, 352, 353, 357, 416, 418, 423, 474, 490, 514, 539, 551, 554, 580, 595, 608, 626, 648, 650, 740, 787, 806, 824, 870, 918, 956, 975]
- Resultado final: 2468.0
- Tempo: 9.190823418s
 ----------------------- 

                    Iteração 25:
- Solução inicial 
[3, 5, 11, 16, 25, 28, 96, 127, 142, 150, 186, 192, 204, 210, 265, 271, 288, 316, 334, 349, 382, 432, 456, 469, 485, 487, 538, 539, 545, 550, 586, 587, 599, 628, 631, 637, 667, 699, 733, 739, 784, 819, 827, 885, 925, 979]
- Resultado inicial: 2455.0
- Solução final 
[3, 5, 11, 16, 25, 28, 96, 127, 142, 150, 186, 192, 204, 210, 265, 271, 288, 316, 334, 349, 382, 432, 456, 469, 485, 487, 538, 539, 545, 550, 586, 587, 599, 628, 631, 637, 667, 699, 733, 739, 784, 819, 827, 885, 925, 979]
- Resultado final: 2455.0
- Tempo: 8.958110869s
 ----------------------- 

                    Iteração 26:
- Solução inicial 
[10, 42, 48, 61, 65, 85, 117, 121, 128, 161, 175, 176, 179, 234, 289, 293, 302, 334, 347, 382, 446, 459, 476, 498, 512, 531, 533, 555, 556, 557, 569, 570, 581, 584, 587, 619, 642, 649, 694, 704, 726, 790, 824, 833, 864, 970]
- Resultado inicial: 2449.0
- Solução final 
[10, 42, 48, 61, 65, 85, 117, 121, 128, 161, 175, 176, 179, 234, 289, 293, 302, 334, 347, 382, 446, 459, 476, 498, 512, 531, 533, 555, 556, 557, 569, 570, 581, 584, 587, 619, 642, 649, 694, 704, 726, 790, 824, 833, 864, 970]
- Resultado final: 2449.0
- Tempo: 8.944647449s
 ----------------------- 

                    Iteração 27:
- Solução inicial 
[10, 46, 61, 91, 101, 130, 141, 144, 153, 154, 156, 166, 172, 249, 250, 267, 281, 386, 395, 406, 415, 417, 437, 440, 450, 469, 499, 505, 506, 515, 552, 557, 617, 656, 685, 720, 731, 738, 760, 795, 864, 897, 937, 988, 997]
- Resultado inicial: 2449.0
- Solução final 
[10, 46, 61, 91, 101, 130, 141, 144, 153, 154, 156, 166, 172, 249, 250, 267, 281, 386, 395, 406, 415, 417, 437, 440, 450, 469, 499, 505, 506, 515, 552, 557, 617, 656, 685, 720, 731, 738, 760, 795, 864, 897, 937, 988, 997]
- Resultado final: 2449.0
- Tempo: 9.030802107s
 ----------------------- 

                    Iteração 28:
- Solução inicial 
[21, 38, 72, 73, 89, 94, 98, 101, 128, 168, 174, 208, 216, 225, 233, 246, 258, 301, 316, 320, 337, 338, 345, 359, 367, 372, 415, 430, 445, 456, 463, 479, 488, 494, 534, 710, 720, 763, 766, 812, 876, 885, 889, 906, 907, 909, 967]
- Resultado inicial: 2461.0
- Solução final 
[21, 38, 72, 73, 89, 94, 98, 101, 128, 168, 174, 208, 216, 225, 233, 246, 258, 301, 316, 320, 337, 338, 345, 359, 367, 372, 415, 430, 445, 456, 463, 479, 488, 494, 534, 710, 720, 763, 766, 812, 876, 885, 889, 906, 907, 909, 967]
- Resultado final: 2461.0
- Tempo: 8.981826066s
 ----------------------- 

                    Iteração 29:
- Solução inicial 
[1, 4, 6, 38, 47, 64, 91, 99, 107, 134, 151, 168, 174, 187, 203, 208, 252, 319, 321, 343, 347, 373, 382, 393, 410, 424, 428, 460, 537, 549, 561, 573, 578, 592, 620, 662, 695, 745, 758, 768, 792, 802, 817, 836, 842, 937, 961]
- Resultado inicial: 2456.0
- Solução final 
[1, 4, 6, 38, 47, 64, 91, 99, 107, 134, 151, 168, 174, 187, 203, 208, 252, 319, 321, 343, 347, 373, 382, 393, 410, 424, 428, 460, 537, 549, 561, 573, 578, 592, 620, 662, 695, 745, 758, 768, 792, 802, 817, 836, 842, 937, 961]
- Resultado final: 2456.0
- Tempo: 8.933365911s
 ----------------------- 

                    Iteração 30:
- Solução inicial 
[5, 9, 36, 69, 76, 84, 90, 126, 146, 148, 179, 247, 253, 262, 266, 272, 292, 306, 318, 322, 351, 352, 363, 417, 443, 485, 545, 550, 629, 645, 679, 683, 704, 726, 733, 743, 756, 758, 771, 791, 810, 826, 837, 884, 926]
- Resultado inicial: 2447.0
- Solução final 
[5, 9, 36, 69, 76, 84, 90, 126, 146, 148, 179, 247, 253, 262, 266, 272, 292, 306, 318, 322, 351, 352, 363, 417, 443, 485, 545, 550, 629, 645, 679, 683, 704, 726, 733, 743, 756, 758, 771, 791, 810, 826, 837, 884, 926]
- Resultado final: 2447.0
- Tempo: 9.07495638s