ep06
 ----------------------- 

                    Iteração 1:
- Solução inicial 
[32, 89, 139, 215, 272, 296, 309, 325, 332, 370, 397, 408, 446, 457, 538, 548, 587, 612, 629, 779, 830, 864, 881, 919, 931, 1148, 1319, 1346, 1461, 1476, 1484, 1492]
- Resultado inicial: 4320.0
- Solução final 
[32, 89, 139, 215, 272, 296, 309, 325, 332, 370, 397, 408, 446, 457, 538, 548, 587, 612, 629, 779, 830, 864, 881, 919, 931, 1148, 1319, 1346, 1461, 1476, 1484, 1492]
- Resultado final: 4320.0
- Tempo: 12.305600394s
 ----------------------- 

                    Iteração 2:
- Solução inicial 
[29, 76, 261, 278, 303, 391, 430, 480, 536, 652, 693, 738, 765, 858, 864, 952, 966, 971, 980, 996, 1061, 1108, 1161, 1198, 1285, 1288, 1306, 1319, 1375, 1490]
- Resultado inicial: 4294.0
- Solução final 
[29, 76, 261, 278, 303, 391, 430, 480, 536, 652, 693, 738, 765, 858, 864, 952, 966, 971, 980, 996, 1061, 1108, 1161, 1198, 1285, 1288, 1306, 1319, 1375, 1490]
- Resultado final: 4294.0
- Tempo: 13.99541788s
 ----------------------- 

                    Iteração 3:
- Solução inicial 
[64, 116, 229, 302, 307, 392, 402, 408, 412, 417, 440, 480, 484, 513, 516, 533, 570, 594, 650, 693, 802, 964, 965, 1132, 1201, 1206, 1230, 1237, 1278, 1281, 1290, 1312, 1350, 1459, 1469]
- Resultado inicial: 4349.0
- Solução final 
[64, 116, 229, 302, 307, 392, 402, 408, 412, 417, 440, 480, 484, 513, 516, 533, 570, 594, 650, 693, 802, 964, 965, 1132, 1201, 1206, 1230, 1237, 1278, 1281, 1290, 1312, 1350, 1459, 1469]
- Resultado final: 4349.0
- Tempo: 14.212373047s
 ----------------------- 

                    Iteração 4:
- Solução inicial 
[10, 12, 23, 38, 102, 116, 165, 167, 201, 412, 414, 424, 450, 519, 578, 662, 753, 798, 876, 946, 965, 970, 1000, 1070, 1108, 1163, 1211, 1267, 1280, 1311, 1349, 1359, 1437]
- Resultado inicial: 4327.0
- Solução final 
[10, 12, 23, 38, 102, 116, 165, 167, 201, 412, 414, 424, 450, 519, 578, 662, 753, 798, 876, 946, 965, 970, 1000, 1070, 1108, 1163, 1211, 1267, 1280, 1311, 1349, 1359, 1437]
- Resultado final: 4327.0
- Tempo: 13.652301502s
 ----------------------- 

                    Iteração 5:
- Solução inicial 
[113, 118, 195, 275, 309, 432, 537, 541, 560, 618, 621, 624, 677, 738, 753, 851, 878, 883, 941, 951, 1003, 1022, 1023, 1091, 1104, 1168, 1199, 1236, 1306, 1322, 1326, 1328, 1484]
- Resultado inicial: 4328.0
- Solução final 
[113, 118, 195, 275, 309, 432, 537, 541, 560, 618, 621, 624, 677, 738, 753, 851, 878, 883, 941, 951, 1003, 1022, 1023, 1091, 1104, 1168, 1199, 1236, 1306, 1322, 1326, 1328, 1484]
- Resultado final: 4328.0
- Tempo: 13.880565463s
 ----------------------- 

                    Iteração 6:
- Solução inicial 
[30, 72, 88, 150, 166, 195, 276, 326, 428, 563, 612, 695, 700, 728, 753, 788, 792, 856, 876, 1029, 1062, 1105, 1139, 1350, 1354, 1393, 1400, 1439, 1454, 1492, 1497]
- Resultado inicial: 4309.0
- Solução final 
[30, 72, 88, 150, 166, 195, 276, 326, 428, 563, 612, 695, 700, 728, 753, 788, 792, 856, 876, 1029, 1062, 1105, 1139, 1350, 1354, 1393, 1400, 1439, 1454, 1492, 1497]
- Resultado final: 4309.0
- Tempo: 14.544893651s
 ----------------------- 

                    Iteração 7:
- Solução inicial 
[5, 182, 204, 306, 319, 342, 354, 455, 463, 498, 556, 615, 660, 667, 708, 741, 749, 767, 790, 821, 830, 859, 937, 966, 1108, 1176, 1179, 1273, 1341, 1357, 1360, 1385, 1451]
- Resultado inicial: 4330.0
- Solução final 
[5, 182, 204, 306, 319, 342, 354, 455, 463, 498, 556, 615, 660, 667, 708, 741, 749, 767, 790, 821, 830, 859, 937, 966, 1108, 1176, 1179, 1273, 1341, 1357, 1360, 1385, 1451]
- Resultado final: 4330.0
- Tempo: 13.244860269s
 ----------------------- 

                    Iteração 8:
- Solução inicial 
[7, 106, 122, 180, 200, 265, 392, 408, 432, 441, 489, 511, 516, 527, 545, 546, 553, 618, 744, 780, 821, 865, 868, 892, 936, 963, 1009, 1024, 1082, 1218, 1241, 1362, 1437, 1488]
- Resultado inicial: 4339.0
- Solução final 
[7, 106, 122, 180, 200, 265, 392, 408, 432, 441, 489, 511, 516, 527, 545, 546, 553, 618, 744, 780, 821, 865, 868, 892, 936, 963, 1009, 1024, 1082, 1218, 1241, 1362, 1437, 1488]
- Resultado final: 4339.0
- Tempo: 13.702628804s
 ----------------------- 

                    Iteração 9:
- Solução inicial 
[131, 175, 303, 385, 509, 513, 531, 560, 583, 611, 613, 618, 662, 686, 721, 767, 790, 821, 993, 1071, 1154, 1182, 1249, 1315, 1316, 1352, 1371, 1405, 1438, 1486, 1492]
- Resultado inicial: 4310.0
- Solução final 
[131, 175, 303, 385, 509, 513, 531, 560, 583, 611, 613, 618, 662, 686, 721, 767, 790, 821, 993, 1071, 1154, 1182, 1249, 1315, 1316, 1352, 1371, 1405, 1438, 1486, 1492]
- Resultado final: 4310.0
- Tempo: 12.602849324s
 ----------------------- 

                    Iteração 10:
- Solução inicial 
[117, 125, 174, 182, 300, 305, 360, 398, 560, 583, 699, 706, 711, 725, 771, 789, 847, 866, 898, 1043, 1181, 1186, 1249, 1264, 1353, 1405, 1427, 1451, 1455, 1484, 1494]
- Resultado inicial: 4309.0
- Solução final 
[117, 125, 174, 182, 300, 305, 360, 398, 560, 583, 699, 706, 711, 725, 771, 789, 847, 866, 898, 1043, 1181, 1186, 1249, 1264, 1353, 1405, 1427, 1451, 1455, 1484, 1494]
- Resultado final: 4309.0
- Tempo: 12.617180202s
 ----------------------- 

                    Iteração 11:
- Solução inicial 
[30, 49, 88, 107, 166, 254, 463, 481, 498, 513, 608, 675, 686, 687, 693, 694, 814, 873, 881, 951, 962, 981, 1002, 1026, 1043, 1167, 1198, 1239, 1300, 1341, 1374, 1499]
- Resultado inicial: 4320.0
- Solução final 
[30, 49, 88, 107, 166, 254, 463, 481, 498, 513, 608, 675, 686, 687, 693, 694, 814, 873, 881, 951, 962, 981, 1002, 1026, 1043, 1167, 1198, 1239, 1300, 1341, 1374, 1499]
- Resultado final: 4320.0
- Tempo: 12.68815932s
 ----------------------- 

                    Iteração 12:
- Solução inicial 
[22, 46, 68, 98, 216, 224, 240, 352, 397, 426, 450, 500, 516, 517, 519, 525, 630, 672, 839, 870, 993, 1025, 1163, 1206, 1218, 1246, 1319, 1326, 1408, 1417, 1432]
- Resultado inicial: 4303.0
- Solução final 
[22, 46, 68, 98, 216, 224, 240, 352, 397, 426, 450, 500, 516, 517, 519, 525, 630, 672, 839, 870, 993, 1025, 1163, 1206, 1218, 1246, 1319, 1326, 1408, 1417, 1432]
- Resultado final: 4303.0
- Tempo: 12.638123111s
 ----------------------- 

                    Iteração 13:
- Solução inicial 
[12, 13, 48, 75, 108, 117, 277, 279, 302, 326, 487, 574, 678, 744, 756, 801, 820, 822, 844, 861, 890, 913, 941, 953, 1007, 1037, 1094, 1206, 1272, 1292, 1342, 1456, 1459, 1476]
- Resultado inicial: 4335.0
- Solução final 
[12, 13, 48, 75, 108, 117, 277, 279, 302, 326, 487, 574, 678, 744, 756, 801, 820, 822, 844, 861, 890, 913, 941, 953, 1007, 1037, 1094, 1206, 1272, 1292, 1342, 1456, 1459, 1476]
- Resultado final: 4335.0
- Tempo: 12.252461018s
 ----------------------- 

                    Iteração 14:
- Solução inicial 
[29, 89, 120, 193, 199, 216, 221, 224, 303, 360, 409, 423, 426, 464, 465, 535, 610, 702, 715, 807, 820, 823, 824, 843, 1001, 1019, 1034, 1108, 1177, 1202, 1209, 1230, 1233, 1467]
- Resultado inicial: 4333.0
- Solução final 
[29, 89, 120, 193, 199, 216, 221, 224, 303, 360, 409, 423, 426, 464, 465, 535, 610, 702, 715, 807, 820, 823, 824, 843, 1001, 1019, 1034, 1108, 1177, 1202, 1209, 1230, 1233, 1467]
- Resultado final: 4333.0
- Tempo: 11.314501804s
 ----------------------- 

                    Iteração 15:
- Solução inicial 
[61, 117, 133, 157, 206, 259, 378, 379, 410, 424, 480, 521, 678, 706, 768, 864, 867, 873, 894, 976, 1135, 1172, 1182, 1242, 1244, 1264, 1282, 1310, 1317, 1357, 1369, 1495]
- Resultado inicial: 4320.0
- Solução final 
[61, 117, 133, 157, 206, 259, 378, 379, 410, 424, 480, 521, 678, 706, 768, 864, 867, 873, 894, 976, 1135, 1172, 1182, 1242, 1244, 1264, 1282, 1310, 1317, 1357, 1369, 1495]
- Resultado final: 4320.0
- Tempo: 11.585103803s
 ----------------------- 

                    Iteração 16:
- Solução inicial 
[26, 275, 351, 392, 457, 578, 587, 589, 629, 632, 638, 721, 739, 757, 767, 840, 874, 920, 1043, 1052, 1100, 1111, 1149, 1179, 1252, 1264, 1328, 1331, 1360, 1427, 1438]
- Resultado inicial: 4309.0
- Solução final 
[26, 275, 351, 392, 457, 578, 587, 589, 629, 632, 638, 721, 739, 757, 767, 840, 874, 920, 1043, 1052, 1100, 1111, 1149, 1179, 1252, 1264, 1328, 1331, 1360, 1427, 1438]
- Resultado final: 4309.0
- Tempo: 12.739915807s
 ----------------------- 

                    Iteração 17:
- Solução inicial 
[52, 117, 141, 237, 303, 359, 363, 418, 420, 443, 448, 471, 499, 560, 774, 830, 852, 867, 919, 1018, 1109, 1113, 1169, 1179, 1181, 1197, 1229, 1310, 1359, 1373, 1449]
- Resultado inicial: 4310.0
- Solução final 
[52, 117, 141, 237, 303, 359, 363, 418, 420, 443, 448, 471, 499, 560, 774, 830, 852, 867, 919, 1018, 1109, 1113, 1169, 1179, 1181, 1197, 1229, 1310, 1359, 1373, 1449]
- Resultado final: 4310.0
- Tempo: 12.400252276s
 ----------------------- 

                    Iteração 18:
- Solução inicial 
[101, 182, 291, 317, 423, 426, 463, 492, 554, 576, 598, 605, 679, 686, 704, 820, 856, 894, 908, 1108, 1123, 1132, 1175, 1206, 1241, 1286, 1288, 1374, 1405, 1406, 1499]
- Resultado inicial: 4310.0
- Solução final 
[101, 182, 291, 317, 423, 426, 463, 492, 554, 576, 598, 605, 679, 686, 704, 820, 856, 894, 908, 1108, 1123, 1132, 1175, 1206, 1241, 1286, 1288, 1374, 1405, 1406, 1499]
- Resultado final: 4310.0
- Tempo: 11.510227709s
 ----------------------- 

                    Iteração 19:
- Solução inicial 
[55, 95, 200, 291, 404, 423, 424, 487, 517, 530, 554, 627, 644, 687, 721, 728, 753, 788, 818, 840, 844, 1041, 1072, 1099, 1106, 1193, 1301, 1321, 1371, 1393, 1394, 1453, 1492]
- Resultado inicial: 4324.0
- Solução final 
[55, 95, 200, 291, 404, 423, 424, 487, 517, 530, 554, 627, 644, 687, 721, 728, 753, 788, 818, 840, 844, 1041, 1072, 1099, 1106, 1193, 1301, 1321, 1371, 1393, 1394, 1453, 1492]
- Resultado final: 4324.0
- Tempo: 12.53685631s
 ----------------------- 

                    Iteração 20:
- Solução inicial 
[3, 5, 115, 174, 317, 344, 351, 396, 433, 441, 456, 511, 521, 551, 629, 634, 686, 693, 881, 922, 923, 963, 969, 1067, 1090, 1108, 1174, 1217, 1219, 1246, 1365, 1408, 1427, 1483, 1484]
- Resultado inicial: 4348.0
- Solução final 
[3, 5, 115, 174, 317, 344, 351, 396, 433, 441, 456, 511, 521, 551, 629, 634, 686, 693, 881, 922, 923, 963, 969, 1067, 1090, 1108, 1174, 1217, 1219, 1246, 1365, 1408, 1427, 1483, 1484]
- Resultado final: 4348.0
- Tempo: 11.48705903s
 ----------------------- 

                    Iteração 21:
- Solução inicial 
[55, 64, 103, 113, 133, 323, 343, 391, 446, 464, 484, 532, 534, 556, 713, 717, 883, 898, 904, 943, 969, 1108, 1158, 1181, 1248, 1252, 1299, 1350, 1432, 1462, 1484]
- Resultado inicial: 4307.0
- Solução final 
[55, 64, 103, 113, 133, 323, 343, 391, 446, 464, 484, 532, 534, 556, 713, 717, 883, 898, 904, 943, 969, 1108, 1158, 1181, 1248, 1252, 1299, 1350, 1432, 1462, 1484]
- Resultado final: 4307.0
- Tempo: 12.650428681s
 ----------------------- 

                    Iteração 22:
- Solução inicial 
[34, 68, 97, 162, 172, 224, 234, 252, 323, 473, 481, 656, 667, 716, 721, 786, 802, 830, 851, 852, 886, 897, 934, 965, 978, 1093, 1105, 1106, 1146, 1158, 1312, 1321, 1369, 1426]
- Resultado inicial: 4336.0
- Solução final 
[34, 68, 97, 162, 172, 224, 234, 252, 323, 473, 481, 656, 667, 716, 721, 786, 802, 830, 851, 852, 886, 897, 934, 965, 978, 1093, 1105, 1106, 1146, 1158, 1312, 1321, 1369, 1426]
- Resultado final: 4336.0
- Tempo: 12.588021577s
 ----------------------- 

                    Iteração 23:
- Solução inicial 
[133, 141, 157, 216, 224, 347, 418, 423, 475, 484, 524, 536, 541, 620, 682, 698, 740, 785, 797, 812, 880, 946, 1040, 1077, 1121, 1179, 1201, 1264, 1265, 1278, 1285, 1309, 1385, 1418, 1485, 1499]
- Resultado inicial: 4358.0
- Solução final 
[133, 141, 157, 216, 224, 347, 418, 423, 475, 484, 524, 536, 541, 620, 682, 698, 740, 785, 797, 812, 880, 946, 1040, 1077, 1121, 1179, 1201, 1264, 1265, 1278, 1285, 1309, 1385, 1418, 1485, 1499]
- Resultado final: 4358.0
- Tempo: 12.98244985s
 ----------------------- 

                    Iteração 24:
- Solução inicial 
[55, 76, 220, 265, 280, 354, 358, 378, 423, 424, 542, 578, 644, 679, 708, 757, 838, 938, 987, 1102, 1109, 1113, 1143, 1188, 1193, 1252, 1260, 1359, 1374, 1475, 1482, 1484]
- Resultado inicial: 4320.0
- Solução final 
[55, 76, 220, 265, 280, 354, 358, 378, 423, 424, 542, 578, 644, 679, 708, 757, 838, 938, 987, 1102, 1109, 1113, 1143, 1188, 1193, 1252, 1260, 1359, 1374, 1475, 1482, 1484]
- Resultado final: 4320.0
- Tempo: 13.275242133s
 ----------------------- 

                    Iteração 25:
- Solução inicial 
[88, 115, 135, 191, 199, 258, 302, 408, 409, 426, 513, 521, 869, 957, 964, 978, 1034, 1042, 1093, 1137, 1156, 1239, 1240, 1253, 1299, 1313, 1357, 1399, 1401, 1467, 1476, 1490]
- Resultado inicial: 4320.0
- Solução final 
[88, 115, 135, 191, 199, 258, 302, 408, 409, 426, 513, 521, 869, 957, 964, 978, 1034, 1042, 1093, 1137, 1156, 1239, 1240, 1253, 1299, 1313, 1357, 1399, 1401, 1467, 1476, 1490]
- Resultado final: 4320.0
- Tempo: 14.44930862s
 ----------------------- 

                    Iteração 26:
- Solução inicial 
[29, 33, 67, 125, 218, 224, 243, 303, 420, 423, 428, 560, 650, 724, 742, 810, 820, 863, 894, 925, 941, 960, 973, 983, 1073, 1093, 1097, 1234, 1280, 1336, 1339, 1376, 1444]
- Resultado inicial: 4328.0
- Solução final 
[29, 33, 67, 125, 218, 224, 243, 303, 420, 423, 428, 560, 650, 724, 742, 810, 820, 863, 894, 925, 941, 960, 973, 983, 1073, 1093, 1097, 1234, 1280, 1336, 1339, 1376, 1444]
- Resultado final: 4328.0
- Tempo: 15.971218314s
 ----------------------- 

                    Iteração 27:
- Solução inicial 
[28, 29, 84, 89, 95, 123, 166, 180, 204, 272, 299, 337, 346, 354, 366, 370, 426, 457, 510, 513, 626, 654, 708, 768, 825, 1201, 1243, 1278, 1405]
- Resultado inicial: 4290.0
- Solução final 
[28, 29, 84, 89, 95, 123, 166, 180, 204, 272, 299, 337, 346, 354, 366, 370, 426, 457, 510, 513, 626, 654, 708, 768, 825, 1201, 1243, 1278, 1405]
- Resultado final: 4290.0
- Tempo: 17.752523331s
 ----------------------- 

                    Iteração 28:
- Solução inicial 
[80, 88, 168, 189, 375, 408, 432, 461, 546, 618, 687, 705, 806, 843, 852, 859, 941, 977, 1022, 1062, 1067, 1094, 1150, 1198, 1239, 1244, 1253, 1307, 1364, 1374, 1423, 1427]
- Resultado inicial: 4319.0
- Solução final 
[80, 88, 168, 189, 375, 408, 432, 461, 546, 618, 687, 705, 806, 843, 852, 859, 941, 977, 1022, 1062, 1067, 1094, 1150, 1198, 1239, 1244, 1253, 1307, 1364, 1374, 1423, 1427]
- Resultado final: 4319.0
- Tempo: 16.669752324s
 ----------------------- 

                    Iteração 29:
- Solução inicial 
[14, 89, 133, 137, 232, 242, 255, 303, 383, 408, 446, 511, 551, 596, 686, 779, 812, 846, 852, 879, 1077, 1110, 1148, 1156, 1208, 1283, 1293, 1296, 1327, 1492, 1499]
- Resultado inicial: 4309.0
- Solução final 
[14, 89, 133, 137, 232, 242, 255, 303, 383, 408, 446, 511, 551, 596, 686, 779, 812, 846, 852, 879, 1077, 1110, 1148, 1156, 1208, 1283, 1293, 1296, 1327, 1492, 1499]
- Resultado final: 4309.0
- Tempo: 14.531599068s
 ----------------------- 

                    Iteração 30:
- Solução inicial 
[10, 60, 88, 263, 344, 384, 408, 538, 606, 692, 707, 779, 786, 787, 815, 864, 865, 941, 944, 968, 991, 1093, 1184, 1248, 1294, 1316, 1339, 1359, 1414, 1419, 1457, 1484]
- Resultado inicial: 4320.0
- Solução final 
[10, 60, 88, 263, 344, 384, 408, 538, 606, 692, 707, 779, 786, 787, 815, 864, 865, 941, 944, 968, 991, 1093, 1184, 1248, 1294, 1316, 1339, 1359, 1414, 1419, 1457, 1484]
- Resultado final: 4320.0
- Tempo: 13.600390363s