ep07
 ----------------------- 

                    Iteração 1:
- Solução inicial 
[39, 109, 134, 217, 286, 306, 365, 473, 480, 481, 559, 615, 682, 873, 909, 962, 1034, 1096, 1132, 1151, 1198, 1271, 1295, 1330, 1344, 1377, 1406, 1483]
- Resultado inicial: 4268.0
- Solução final 
[39, 109, 134, 217, 286, 306, 365, 473, 480, 481, 559, 615, 682, 873, 909, 962, 1034, 1096, 1132, 1151, 1198, 1271, 1295, 1330, 1344, 1377, 1406, 1483]
- Resultado final: 4268.0
- Tempo: 14.699210724s
 ----------------------- 

                    Iteração 2:
- Solução inicial 
[31, 88, 114, 130, 167, 447, 496, 514, 530, 545, 659, 710, 716, 789, 889, 925, 1024, 1044, 1104, 1193, 1219, 1291, 1342, 1370, 1417, 1431, 1467]
- Resultado inicial: 4257.0
- Solução final 
[31, 88, 114, 130, 167, 447, 496, 514, 530, 545, 659, 710, 716, 789, 889, 925, 1024, 1044, 1104, 1193, 1219, 1291, 1342, 1370, 1417, 1431, 1467]
- Resultado final: 4257.0
- Tempo: 14.90618413s
 ----------------------- 

                    Iteração 3:
- Solução inicial 
[39, 120, 188, 198, 219, 286, 403, 425, 443, 446, 494, 664, 679, 711, 787, 852, 1020, 1028, 1105, 1123, 1251, 1273, 1278, 1280, 1323, 1377, 1387]
- Resultado inicial: 4260.0
- Solução final 
[39, 120, 188, 198, 219, 286, 403, 425, 443, 446, 494, 664, 679, 711, 787, 852, 1020, 1028, 1105, 1123, 1251, 1273, 1278, 1280, 1323, 1377, 1387]
- Resultado final: 4260.0
- Tempo: 14.377541766s
 ----------------------- 

                    Iteração 4:
- Solução inicial 
[12, 57, 140, 154, 155, 206, 304, 326, 365, 406, 432, 495, 542, 591, 696, 698, 753, 890, 963, 1030, 1032, 1059, 1072, 1078, 1205, 1223, 1318, 1324]
- Resultado inicial: 4268.0
- Solução final 
[12, 57, 140, 154, 155, 206, 304, 326, 365, 406, 432, 495, 542, 591, 696, 698, 753, 890, 963, 1030, 1032, 1059, 1072, 1078, 1205, 1223, 1318, 1324]
- Resultado final: 4268.0
- Tempo: 14.765362386s
 ----------------------- 

                    Iteração 5:
- Solução inicial 
[11, 156, 174, 246, 295, 312, 315, 396, 583, 630, 633, 689, 834, 874, 878, 886, 977, 993, 1062, 1073, 1077, 1094, 1201, 1240, 1272, 1339, 1361, 1378]
- Resultado inicial: 4275.0
- Solução final 
[11, 156, 174, 246, 295, 312, 315, 396, 583, 630, 633, 689, 834, 874, 878, 886, 977, 993, 1062, 1073, 1077, 1094, 1201, 1240, 1272, 1339, 1361, 1378]
- Resultado final: 4275.0
- Tempo: 15.379146568s
 ----------------------- 

                    Iteração 6:
- Solução inicial 
[291, 334, 354, 357, 443, 476, 519, 535, 560, 697, 782, 803, 829, 941, 952, 1104, 1150, 1214, 1219, 1243, 1324, 1331, 1342, 1412, 1420, 1431, 1471, 1486]
- Resultado inicial: 4265.0
- Solução final 
[291, 334, 354, 357, 443, 476, 519, 535, 560, 697, 782, 803, 829, 941, 952, 1104, 1150, 1214, 1219, 1243, 1324, 1331, 1342, 1412, 1420, 1431, 1471, 1486]
- Resultado final: 4265.0
- Tempo: 14.009129506s
 ----------------------- 

                    Iteração 7:
- Solução inicial 
[63, 88, 214, 275, 279, 548, 584, 593, 596, 617, 638, 668, 697, 702, 717, 793, 836, 861, 948, 1070, 1107, 1170, 1243, 1282, 1342, 1412, 1468]
- Resultado inicial: 4267.0
- Solução final 
[63, 88, 214, 275, 279, 548, 584, 593, 596, 617, 638, 668, 697, 702, 717, 793, 836, 861, 948, 1070, 1107, 1170, 1243, 1282, 1342, 1412, 1468]
- Resultado final: 4267.0
- Tempo: 14.156098661s
 ----------------------- 

                    Iteração 8:
- Solução inicial 
[85, 117, 122, 202, 265, 309, 314, 391, 399, 401, 441, 533, 663, 681, 805, 873, 914, 915, 922, 1118, 1197, 1262, 1286, 1340, 1448, 1459, 1496]
- Resultado inicial: 4265.0
- Solução final 
[85, 117, 122, 202, 265, 309, 314, 391, 399, 401, 441, 533, 663, 681, 805, 873, 914, 915, 922, 1118, 1197, 1262, 1286, 1340, 1448, 1459, 1496]
- Resultado final: 4265.0
- Tempo: 13.405769768s
 ----------------------- 

                    Iteração 9:
- Solução inicial 
[50, 52, 126, 178, 186, 197, 253, 261, 265, 275, 326, 468, 510, 599, 654, 693, 804, 971, 988, 1066, 1072, 1083, 1129, 1149, 1167, 1369, 1377, 1422]
- Resultado inicial: 4271.0
- Solução final 
[50, 52, 126, 178, 186, 197, 253, 261, 265, 275, 326, 468, 510, 599, 654, 693, 804, 971, 988, 1066, 1072, 1083, 1129, 1149, 1167, 1369, 1377, 1422]
- Resultado final: 4271.0
- Tempo: 13.359648095s
 ----------------------- 

                    Iteração 10:
- Solução inicial 
[7, 100, 121, 147, 211, 224, 227, 265, 290, 370, 424, 439, 441, 492, 565, 830, 851, 908, 937, 954, 1011, 1028, 1133, 1152, 1155, 1213, 1241, 1467]
- Resultado inicial: 4273.0
- Solução final 
[7, 100, 121, 147, 211, 224, 227, 265, 290, 370, 424, 439, 441, 492, 565, 830, 851, 908, 937, 954, 1011, 1028, 1133, 1152, 1155, 1213, 1241, 1467]
- Resultado final: 4273.0
- Tempo: 13.389563855s
 ----------------------- 

                    Iteração 11:
- Solução inicial 
[168, 241, 310, 319, 345, 348, 414, 424, 443, 601, 612, 695, 740, 792, 846, 878, 965, 967, 1000, 1093, 1148, 1171, 1205, 1221, 1281, 1312, 1386, 1437, 1443, 1493]
- Resultado inicial: 4292.0
- Solução final 
[168, 241, 310, 319, 345, 348, 414, 424, 443, 601, 612, 695, 740, 792, 846, 878, 965, 967, 1000, 1093, 1148, 1171, 1205, 1221, 1281, 1312, 1386, 1437, 1443, 1493]
- Resultado final: 4292.0
- Tempo: 13.398089822s
 ----------------------- 

                    Iteração 12:
- Solução inicial 
[96, 230, 258, 277, 279, 321, 456, 501, 520, 602, 682, 721, 738, 826, 943, 1006, 1028, 1048, 1056, 1275, 1294, 1308, 1329, 1351, 1446, 1462, 1471]
- Resultado inicial: 4270.0
- Solução final 
[96, 230, 258, 277, 279, 321, 456, 501, 520, 602, 682, 721, 738, 826, 943, 1006, 1028, 1048, 1056, 1275, 1294, 1308, 1329, 1351, 1446, 1462, 1471]
- Resultado final: 4270.0
- Tempo: 12.253195862s
 ----------------------- 

                    Iteração 13:
- Solução inicial 
[59, 104, 117, 128, 139, 270, 309, 326, 344, 373, 399, 464, 480, 509, 591, 602, 624, 671, 689, 735, 777, 843, 922, 939, 944, 1254, 1287, 1401]
- Resultado inicial: 4278.0
- Solução final 
[59, 104, 117, 128, 139, 270, 309, 326, 344, 373, 399, 464, 480, 509, 591, 602, 624, 671, 689, 735, 777, 843, 922, 939, 944, 1254, 1287, 1401]
- Resultado final: 4278.0
- Tempo: 11.809574178s
 ----------------------- 

                    Iteração 14:
- Solução inicial 
[156, 173, 189, 291, 294, 423, 441, 446, 519, 598, 605, 648, 674, 678, 692, 720, 738, 838, 840, 879, 919, 937, 1108, 1303, 1381, 1400, 1404, 1420, 1482]
- Resultado inicial: 4287.0
- Solução final 
[156, 173, 189, 291, 294, 423, 441, 446, 519, 598, 605, 648, 674, 678, 692, 720, 738, 838, 840, 879, 919, 937, 1108, 1303, 1381, 1400, 1404, 1420, 1482]
- Resultado final: 4287.0
- Tempo: 13.352741392s
 ----------------------- 

                    Iteração 15:
- Solução inicial 
[97, 103, 160, 225, 370, 392, 407, 419, 456, 467, 514, 541, 667, 693, 706, 740, 742, 748, 1036, 1121, 1172, 1240, 1279, 1294, 1346, 1384, 1427, 1430]
- Resultado inicial: 4279.0
- Solução final 
[97, 103, 160, 225, 370, 392, 407, 419, 456, 467, 514, 541, 667, 693, 706, 740, 742, 748, 1036, 1121, 1172, 1240, 1279, 1294, 1346, 1384, 1427, 1430]
- Resultado final: 4279.0
- Tempo: 13.013378972s
 ----------------------- 

                    Iteração 16:
- Solução inicial 
[26, 38, 40, 189, 300, 385, 426, 470, 510, 516, 536, 583, 613, 636, 723, 777, 789, 821, 910, 990, 999, 1003, 1081, 1231, 1264, 1421, 1434, 1472, 1489]
- Resultado inicial: 4276.0
- Solução final 
[26, 38, 40, 189, 300, 385, 426, 470, 510, 516, 536, 583, 613, 636, 723, 777, 789, 821, 910, 990, 999, 1003, 1081, 1231, 1264, 1421, 1434, 1472, 1489]
- Resultado final: 4276.0
- Tempo: 12.49480746s
 ----------------------- 

                    Iteração 17:
- Solução inicial 
[44, 85, 136, 216, 228, 449, 466, 498, 531, 617, 621, 669, 687, 694, 724, 740, 792, 952, 963, 964, 1066, 1142, 1214, 1269, 1290, 1308, 1397, 1403, 1406, 1447, 1457]
- Resultado inicial: 4301.0
- Solução final 
[44, 85, 136, 216, 228, 449, 466, 498, 531, 617, 621, 669, 687, 694, 724, 740, 792, 952, 963, 964, 1066, 1142, 1214, 1269, 1290, 1308, 1397, 1403, 1406, 1447, 1457]
- Resultado final: 4301.0
- Tempo: 13.170067758s
 ----------------------- 

                    Iteração 18:
- Solução inicial 
[103, 122, 160, 223, 228, 302, 324, 341, 468, 480, 481, 487, 587, 615, 659, 821, 835, 874, 936, 962, 973, 1086, 1109, 1199, 1216, 1310, 1374, 1381, 1394, 1473, 1486]
- Resultado inicial: 4295.0
- Solução final 
[103, 122, 160, 223, 228, 302, 324, 341, 468, 480, 481, 487, 587, 615, 659, 821, 835, 874, 936, 962, 973, 1086, 1109, 1199, 1216, 1310, 1374, 1381, 1394, 1473, 1486]
- Resultado final: 4295.0
- Tempo: 12.133356344s
 ----------------------- 

                    Iteração 19:
- Solução inicial 
[40, 127, 133, 136, 313, 338, 410, 420, 444, 448, 547, 571, 579, 583, 606, 608, 686, 690, 750, 762, 772, 810, 853, 874, 1165, 1212, 1291, 1379, 1417, 1427, 1455, 1467]
- Resultado inicial: 4308.0
- Solução final 
[40, 127, 133, 136, 313, 338, 410, 420, 444, 448, 547, 571, 579, 583, 606, 608, 686, 690, 750, 762, 772, 810, 853, 874, 1165, 1212, 1291, 1379, 1417, 1427, 1455, 1467]
- Resultado final: 4308.0
- Tempo: 13.229808851s
 ----------------------- 

                    Iteração 20:
- Solução inicial 
[49, 67, 90, 217, 271, 351, 463, 465, 538, 543, 571, 582, 583, 592, 609, 668, 742, 764, 772, 883, 921, 1006, 1095, 1132, 1142, 1223, 1286, 1499]
- Resultado inicial: 4272.0
- Solução final 
[49, 67, 90, 217, 271, 351, 463, 465, 538, 543, 571, 582, 583, 592, 609, 668, 742, 764, 772, 883, 921, 1006, 1095, 1132, 1142, 1223, 1286, 1499]
- Resultado final: 4272.0
- Tempo: 13.2966743s
 ----------------------- 

                    Iteração 21:
- Solução inicial 
[12, 31, 39, 190, 205, 209, 287, 300, 385, 498, 526, 644, 747, 765, 772, 788, 952, 991, 1001, 1093, 1121, 1183, 1187, 1356, 1368, 1387, 1422, 1462, 1464]
- Resultado inicial: 4272.0
- Solução final 
[12, 31, 39, 190, 205, 209, 287, 300, 385, 498, 526, 644, 747, 765, 772, 788, 952, 991, 1001, 1093, 1121, 1183, 1187, 1356, 1368, 1387, 1422, 1462, 1464]
- Resultado final: 4272.0
- Tempo: 13.688469475s
 ----------------------- 

                    Iteração 22:
- Solução inicial 
[55, 56, 161, 172, 174, 240, 254, 303, 477, 510, 531, 536, 554, 742, 789, 850, 858, 862, 881, 912, 952, 995, 1021, 1061, 1079, 1181, 1205, 1331, 1380]
- Resultado inicial: 4266.0
- Solução final 
[55, 56, 161, 172, 174, 240, 254, 303, 477, 510, 531, 536, 554, 742, 789, 850, 858, 862, 881, 912, 952, 995, 1021, 1061, 1079, 1181, 1205, 1331, 1380]
- Resultado final: 4266.0
- Tempo: 13.915770976s
 ----------------------- 

                    Iteração 23:
- Solução inicial 
[18, 70, 75, 229, 335, 432, 450, 478, 501, 520, 555, 584, 636, 676, 738, 744, 856, 903, 952, 954, 981, 1007, 1028, 1197, 1251, 1326, 1388, 1453]
- Resultado inicial: 4279.0
- Solução final 
[18, 70, 75, 229, 335, 432, 450, 478, 501, 520, 555, 584, 636, 676, 738, 744, 856, 903, 952, 954, 981, 1007, 1028, 1197, 1251, 1326, 1388, 1453]
- Resultado final: 4279.0
- Tempo: 15.767056079s
 ----------------------- 

                    Iteração 24:
- Solução inicial 
[5, 56, 119, 206, 218, 241, 290, 493, 599, 740, 789, 817, 821, 874, 962, 1001, 1011, 1050, 1113, 1177, 1205, 1212, 1296, 1298, 1350, 1384, 1433, 1439, 1492]
- Resultado inicial: 4280.0
- Solução final 
[5, 56, 119, 206, 218, 241, 290, 493, 599, 740, 789, 817, 821, 874, 962, 1001, 1011, 1050, 1113, 1177, 1205, 1212, 1296, 1298, 1350, 1384, 1433, 1439, 1492]
- Resultado final: 4280.0
- Tempo: 17.613270243s
 ----------------------- 

                    Iteração 25:
- Solução inicial 
[37, 128, 178, 184, 202, 204, 320, 534, 539, 608, 683, 692, 702, 729, 766, 806, 820, 881, 901, 997, 1076, 1157, 1165, 1273, 1282, 1285, 1329, 1432, 1475]
- Resultado inicial: 4288.0
- Solução final 
[37, 128, 178, 184, 202, 204, 320, 534, 539, 608, 683, 692, 702, 729, 766, 806, 820, 881, 901, 997, 1076, 1157, 1165, 1273, 1282, 1285, 1329, 1432, 1475]
- Resultado final: 4288.0
- Tempo: 17.97452823s
 ----------------------- 

                    Iteração 26:
- Solução inicial 
[63, 109, 153, 173, 194, 259, 279, 379, 439, 446, 539, 554, 575, 587, 617, 854, 869, 915, 919, 964, 1146, 1197, 1219, 1240, 1250, 1359, 1380, 1468]
- Resultado inicial: 4272.0
- Solução final 
[63, 109, 153, 173, 194, 259, 279, 379, 439, 446, 539, 554, 575, 587, 617, 854, 869, 915, 919, 964, 1146, 1197, 1219, 1240, 1250, 1359, 1380, 1468]
- Resultado final: 4272.0
- Tempo: 16.987095831s
 ----------------------- 

                    Iteração 27:
- Solução inicial 
[65, 162, 167, 169, 183, 227, 267, 342, 374, 479, 498, 541, 550, 563, 578, 593, 663, 686, 699, 701, 729, 788, 923, 944, 989, 1109, 1142, 1293, 1296, 1437]
- Resultado inicial: 4288.0
- Solução final 
[65, 162, 167, 169, 183, 227, 267, 342, 374, 479, 498, 541, 550, 563, 578, 593, 663, 686, 699, 701, 729, 788, 923, 944, 989, 1109, 1142, 1293, 1296, 1437]
- Resultado final: 4288.0
- Tempo: 14.857480598s
 ----------------------- 

                    Iteração 28:
- Solução inicial 
[49, 76, 176, 199, 275, 279, 298, 360, 461, 553, 556, 669, 729, 767, 829, 840, 908, 937, 952, 973, 1019, 1024, 1107, 1167, 1272, 1389, 1412, 1489]
- Resultado inicial: 4270.0
- Solução final 
[49, 76, 176, 199, 275, 279, 298, 360, 461, 553, 556, 669, 729, 767, 829, 840, 908, 937, 952, 973, 1019, 1024, 1107, 1167, 1272, 1389, 1412, 1489]
- Resultado final: 4270.0
- Tempo: 13.512575277s
 ----------------------- 

                    Iteração 29:
- Solução inicial 
[13, 68, 435, 478, 481, 498, 513, 575, 682, 685, 706, 786, 867, 868, 889, 890, 917, 951, 981, 989, 1039, 1100, 1145, 1198, 1257, 1365, 1419, 1493]
- Resultado inicial: 4272.0
- Solução final 
[13, 68, 435, 478, 481, 498, 513, 575, 682, 685, 706, 786, 867, 868, 889, 890, 917, 951, 981, 989, 1039, 1100, 1145, 1198, 1257, 1365, 1419, 1493]
- Resultado final: 4272.0
- Tempo: 13.133343769s
 ----------------------- 

                    Iteração 30:
- Solução inicial 
[103, 124, 128, 130, 335, 384, 420, 475, 491, 517, 521, 529, 583, 790, 824, 830, 923, 935, 968, 1041, 1045, 1116, 1118, 1148, 1290, 1383, 1427, 1480]
- Resultado inicial: 4280.0
- Solução final 
[103, 124, 128, 130, 335, 384, 420, 475, 491, 517, 521, 529, 583, 790, 824, 830, 923, 935, 968, 1041, 1045, 1116, 1118, 1148, 1290, 1383, 1427, 1480]
- Resultado final: 4280.0
- Tempo: 13.005340866s
