ep08
 ----------------------- 

                    Iteração 1:
- Solução inicial 
[108, 167, 169, 202, 370, 423, 426, 450, 517, 554, 840, 841, 929, 953, 1032, 1093, 1095, 1135, 1163, 1196, 1208, 1267, 1440, 1454, 1513, 1525, 1613, 1653, 1660, 1664, 1719, 1804, 1905, 1938, 1944]
- Resultado inicial: 4350.0
- Solução final 
[108, 167, 169, 202, 370, 423, 426, 450, 517, 554, 840, 841, 929, 953, 1032, 1093, 1095, 1135, 1163, 1196, 1208, 1267, 1440, 1454, 1513, 1525, 1613, 1653, 1660, 1664, 1719, 1804, 1905, 1938, 1944]
- Resultado final: 4350.0
- Tempo: 16.548744408s
 ----------------------- 

                    Iteração 2:
- Solução inicial 
[13, 71, 272, 275, 326, 394, 399, 405, 494, 504, 594, 636, 717, 784, 806, 812, 826, 838, 964, 1093, 1123, 1267, 1308, 1338, 1397, 1471, 1565, 1594, 1631, 1660, 1724, 1743, 1866, 1876, 1887, 1899, 1936]
- Resultado inicial: 4370.0
- Solução final 
[13, 71, 272, 275, 326, 394, 399, 405, 494, 504, 594, 636, 717, 784, 806, 812, 826, 838, 964, 1093, 1123, 1267, 1308, 1338, 1397, 1471, 1565, 1594, 1631, 1660, 1724, 1743, 1866, 1876, 1887, 1899, 1936]
- Resultado final: 4370.0
- Tempo: 16.822184598s
 ----------------------- 

                    Iteração 3:
- Solução inicial 
[55, 85, 130, 303, 337, 345, 353, 367, 421, 446, 457, 491, 535, 657, 692, 746, 777, 847, 911, 946, 971, 988, 1010, 1036, 1082, 1116, 1167, 1396, 1469, 1660, 1758, 1764]
- Resultado inicial: 4320.0
- Solução final 
[55, 85, 130, 303, 337, 345, 353, 367, 421, 446, 457, 491, 535, 657, 692, 746, 777, 847, 911, 946, 971, 988, 1010, 1036, 1082, 1116, 1167, 1396, 1469, 1660, 1758, 1764]
- Resultado final: 4320.0
- Tempo: 17.210286404s
 ----------------------- 

                    Iteração 4:
- Solução inicial 
[135, 150, 200, 315, 323, 399, 435, 446, 475, 503, 612, 828, 1062, 1263, 1289, 1361, 1395, 1466, 1498, 1511, 1513, 1677, 1687, 1703, 1727, 1750, 1793, 1850, 1864, 1945, 1958]
- Resultado inicial: 4310.0
- Solução final 
[135, 150, 200, 315, 323, 399, 435, 446, 475, 503, 612, 828, 1062, 1263, 1289, 1361, 1395, 1466, 1498, 1511, 1513, 1677, 1687, 1703, 1727, 1750, 1793, 1850, 1864, 1945, 1958]
- Resultado final: 4310.0
- Tempo: 19.031596694s
 ----------------------- 

                    Iteração 5:
- Solução inicial 
[93, 157, 177, 183, 240, 272, 278, 337, 363, 426, 446, 475, 551, 630, 637, 659, 684, 687, 753, 756, 805, 858, 915, 1003, 1058, 1321, 1634, 1762, 1787, 1795, 1850, 1894, 1896]
- Resultado inicial: 4330.0
- Solução final 
[93, 157, 177, 183, 240, 272, 278, 337, 363, 426, 446, 475, 551, 630, 637, 659, 684, 687, 753, 756, 805, 858, 915, 1003, 1058, 1321, 1634, 1762, 1787, 1795, 1850, 1894, 1896]
- Resultado final: 4330.0
- Tempo: 22.146060663s
 ----------------------- 

                    Iteração 6:
- Solução inicial 
[78, 98, 115, 266, 521, 554, 632, 686, 762, 779, 785, 889, 904, 1037, 1093, 1111, 1187, 1206, 1224, 1264, 1281, 1330, 1346, 1463, 1636, 1658, 1660, 1678, 1698, 1766, 1808, 1824, 1858, 1994]
- Resultado inicial: 4339.0
- Solução final 
[78, 98, 115, 266, 521, 554, 632, 686, 762, 779, 785, 889, 904, 1037, 1093, 1111, 1187, 1206, 1224, 1264, 1281, 1330, 1346, 1463, 1636, 1658, 1660, 1678, 1698, 1766, 1808, 1824, 1858, 1994]
- Resultado final: 4339.0
- Tempo: 21.629227341s
 ----------------------- 

                    Iteração 7:
- Solução inicial 
[5, 70, 94, 448, 482, 565, 627, 647, 727, 779, 815, 1046, 1083, 1093, 1214, 1310, 1314, 1322, 1342, 1437, 1507, 1519, 1559, 1600, 1719, 1743, 1793, 1794, 1858, 1873, 1884, 1895]
- Resultado inicial: 4320.0
- Solução final 
[5, 70, 94, 448, 482, 565, 627, 647, 727, 779, 815, 1046, 1083, 1093, 1214, 1310, 1314, 1322, 1342, 1437, 1507, 1519, 1559, 1600, 1719, 1743, 1793, 1794, 1858, 1873, 1884, 1895]
- Resultado final: 4320.0
- Tempo: 18.997409706s
 ----------------------- 

                    Iteração 8:
- Solução inicial 
[29, 115, 248, 408, 439, 481, 535, 620, 743, 772, 777, 795, 798, 824, 1003, 1100, 1189, 1374, 1415, 1537, 1542, 1563, 1623, 1644, 1698, 1762, 1766, 1800, 1850, 1865, 1958, 1980]
- Resultado inicial: 4320.0
- Solução final 
[29, 115, 248, 408, 439, 481, 535, 620, 743, 772, 777, 795, 798, 824, 1003, 1100, 1189, 1374, 1415, 1537, 1542, 1563, 1623, 1644, 1698, 1762, 1766, 1800, 1850, 1865, 1958, 1980]
- Resultado final: 4320.0
- Tempo: 16.891620741s
 ----------------------- 

                    Iteração 9:
- Solução inicial 
[15, 303, 306, 314, 379, 408, 443, 453, 548, 660, 677, 706, 767, 788, 803, 895, 909, 929, 951, 982, 1116, 1148, 1408, 1411, 1418, 1459, 1592, 1660, 1689, 1699, 1823, 1873, 1909, 1914]
- Resultado inicial: 4339.0
- Solução final 
[15, 303, 306, 314, 379, 408, 443, 453, 548, 660, 677, 706, 767, 788, 803, 895, 909, 929, 951, 982, 1116, 1148, 1408, 1411, 1418, 1459, 1592, 1660, 1689, 1699, 1823, 1873, 1909, 1914]
- Resultado final: 4339.0
- Tempo: 16.223435207s
 ----------------------- 

                    Iteração 10:
- Solução inicial 
[13, 94, 136, 303, 369, 584, 613, 842, 847, 854, 883, 1009, 1042, 1163, 1191, 1267, 1329, 1361, 1377, 1445, 1448, 1457, 1471, 1641, 1698, 1715, 1792, 1842, 1846, 1901, 1979]
- Resultado inicial: 4310.0
- Solução final 
[13, 94, 136, 303, 369, 584, 613, 842, 847, 854, 883, 1009, 1042, 1163, 1191, 1267, 1329, 1361, 1377, 1445, 1448, 1457, 1471, 1641, 1698, 1715, 1792, 1842, 1846, 1901, 1979]
- Resultado final: 4310.0
- Tempo: 15.185213474s
 ----------------------- 

                    Iteração 11:
- Solução inicial 
[14, 28, 66, 171, 367, 394, 426, 535, 688, 855, 866, 889, 997, 1092, 1093, 1148, 1200, 1206, 1239, 1253, 1333, 1351, 1505, 1513, 1529, 1632, 1672, 1712, 1738, 1821, 1873, 1874, 1901, 1954]
- Resultado inicial: 4340.0
- Solução final 
[14, 28, 66, 171, 367, 394, 426, 535, 688, 855, 866, 889, 997, 1092, 1093, 1148, 1200, 1206, 1239, 1253, 1333, 1351, 1505, 1513, 1529, 1632, 1672, 1712, 1738, 1821, 1873, 1874, 1901, 1954]
- Resultado final: 4340.0
- Tempo: 13.662498108s
 ----------------------- 

                    Iteração 12:
- Solução inicial 
[58, 211, 273, 321, 365, 394, 426, 429, 439, 480, 530, 692, 694, 817, 838, 852, 889, 935, 1040, 1093, 1103, 1121, 1193, 1353, 1437, 1523, 1613, 1719, 1804, 1827, 1931]
- Resultado inicial: 4310.0
- Solução final 
[58, 211, 273, 321, 365, 394, 426, 429, 439, 480, 530, 692, 694, 817, 838, 852, 889, 935, 1040, 1093, 1103, 1121, 1193, 1353, 1437, 1523, 1613, 1719, 1804, 1827, 1931]
- Resultado final: 4310.0
- Tempo: 12.092666935s
 ----------------------- 

                    Iteração 13:
- Solução inicial 
[44, 62, 68, 93, 144, 169, 193, 225, 237, 309, 413, 484, 633, 637, 659, 811, 840, 860, 863, 963, 997, 1024, 1079, 1187, 1321, 1447, 1522, 1638, 1677, 1727, 1848, 1978]
- Resultado inicial: 4320.0
- Solução final 
[44, 62, 68, 93, 144, 169, 193, 225, 237, 309, 413, 484, 633, 637, 659, 811, 840, 860, 863, 963, 997, 1024, 1079, 1187, 1321, 1447, 1522, 1638, 1677, 1727, 1848, 1978]
- Resultado final: 4320.0
- Tempo: 11.76333866s
 ----------------------- 

                    Iteração 14:
- Solução inicial 
[5, 9, 40, 139, 153, 370, 402, 477, 559, 560, 635, 790, 923, 1107, 1202, 1246, 1267, 1271, 1305, 1365, 1377, 1416, 1456, 1482, 1522, 1529, 1605, 1660, 1680, 1849, 1905, 1946]
- Resultado inicial: 4320.0
- Solução final 
[5, 9, 40, 139, 153, 370, 402, 477, 559, 560, 635, 790, 923, 1107, 1202, 1246, 1267, 1271, 1305, 1365, 1377, 1416, 1456, 1482, 1522, 1529, 1605, 1660, 1680, 1849, 1905, 1946]
- Resultado final: 4320.0
- Tempo: 13.929638708s
 ----------------------- 

                    Iteração 15:
- Solução inicial 
[32, 54, 84, 141, 214, 275, 409, 446, 449, 462, 491, 511, 513, 590, 740, 772, 854, 860, 894, 910, 946, 1009, 1126, 1157, 1173, 1243, 1305, 1513, 1632, 1639, 1660, 1703, 1810, 1873, 1940]
- Resultado inicial: 4350.0
- Solução final 
[32, 54, 84, 141, 214, 275, 409, 446, 449, 462, 491, 511, 513, 590, 740, 772, 854, 860, 894, 910, 946, 1009, 1126, 1157, 1173, 1243, 1305, 1513, 1632, 1639, 1660, 1703, 1810, 1873, 1940]
- Resultado final: 4350.0
- Tempo: 12.826808481s
 ----------------------- 

                    Iteração 16:
- Solução inicial 
[7, 215, 300, 325, 326, 350, 384, 480, 516, 587, 678, 693, 706, 708, 709, 759, 1004, 1013, 1041, 1069, 1177, 1183, 1245, 1308, 1384, 1492, 1498, 1513, 1536, 1625, 1656, 1660, 1716, 1850, 1973]
- Resultado inicial: 4350.0
- Solução final 
[7, 215, 300, 325, 326, 350, 384, 480, 516, 587, 678, 693, 706, 708, 709, 759, 1004, 1013, 1041, 1069, 1177, 1183, 1245, 1308, 1384, 1492, 1498, 1513, 1536, 1625, 1656, 1660, 1716, 1850, 1973]
- Resultado final: 4350.0
- Tempo: 13.026545217s
 ----------------------- 

                    Iteração 17:
- Solução inicial 
[10, 69, 71, 89, 188, 218, 423, 446, 462, 521, 627, 686, 710, 748, 855, 1016, 1162, 1193, 1197, 1267, 1270, 1299, 1344, 1375, 1416, 1417, 1550, 1677, 1724, 1805, 1810, 1852, 1880]
- Resultado inicial: 4330.0
- Solução final 
[10, 69, 71, 89, 188, 218, 423, 446, 462, 521, 627, 686, 710, 748, 855, 1016, 1162, 1193, 1197, 1267, 1270, 1299, 1344, 1375, 1416, 1417, 1550, 1677, 1724, 1805, 1810, 1852, 1880]
- Resultado final: 4330.0
- Tempo: 13.444742675s
 ----------------------- 

                    Iteração 18:
- Solução inicial 
[26, 49, 53, 55, 80, 213, 226, 408, 432, 438, 484, 666, 677, 706, 714, 784, 1017, 1030, 1132, 1170, 1297, 1342, 1371, 1427, 1488, 1629, 1660, 1667, 1778, 1850, 1999]
- Resultado inicial: 4309.0
- Solução final 
[26, 49, 53, 55, 80, 213, 226, 408, 432, 438, 484, 666, 677, 706, 714, 784, 1017, 1030, 1132, 1170, 1297, 1342, 1371, 1427, 1488, 1629, 1660, 1667, 1778, 1850, 1999]
- Resultado final: 4309.0
- Tempo: 12.794164572s
 ----------------------- 

                    Iteração 19:
- Solução inicial 
[80, 157, 193, 279, 344, 412, 443, 444, 560, 617, 769, 773, 777, 786, 799, 837, 865, 997, 1148, 1206, 1248, 1281, 1296, 1410, 1412, 1487, 1559, 1580, 1621, 1699, 1703, 1838, 1853]
- Resultado inicial: 4330.0
- Solução final 
[80, 157, 193, 279, 344, 412, 443, 444, 560, 617, 769, 773, 777, 786, 799, 837, 865, 997, 1148, 1206, 1248, 1281, 1296, 1410, 1412, 1487, 1559, 1580, 1621, 1699, 1703, 1838, 1853]
- Resultado final: 4330.0
- Tempo: 11.65120301s
 ----------------------- 

                    Iteração 20:
- Solução inicial 
[254, 303, 475, 668, 676, 713, 784, 786, 840, 855, 856, 964, 977, 1059, 1084, 1117, 1119, 1163, 1248, 1376, 1489, 1513, 1551, 1660, 1697, 1745, 1748, 1766, 1770, 1868, 1940, 1954]
- Resultado inicial: 4320.0
- Solução final 
[254, 303, 475, 668, 676, 713, 784, 786, 840, 855, 856, 964, 977, 1059, 1084, 1117, 1119, 1163, 1248, 1376, 1489, 1513, 1551, 1660, 1697, 1745, 1748, 1766, 1770, 1868, 1940, 1954]
- Resultado final: 4320.0
- Tempo: 11.777226468s
 ----------------------- 

                    Iteração 21:
- Solução inicial 
[2, 50, 115, 136, 206, 374, 426, 428, 640, 646, 662, 688, 742, 1081, 1147, 1154, 1259, 1264, 1267, 1290, 1297, 1308, 1370, 1407, 1423, 1498, 1529, 1540, 1594, 1842, 1850, 1884]
- Resultado inicial: 4320.0
- Solução final 
[2, 50, 115, 136, 206, 374, 426, 428, 640, 646, 662, 688, 742, 1081, 1147, 1154, 1259, 1264, 1267, 1290, 1297, 1308, 1370, 1407, 1423, 1498, 1529, 1540, 1594, 1842, 1850, 1884]
- Resultado final: 4320.0
- Tempo: 12.741682991s
 ----------------------- 

                    Iteração 22:
- Solução inicial 
[287, 323, 409, 426, 493, 496, 510, 564, 585, 662, 686, 688, 931, 1054, 1103, 1264, 1334, 1335, 1346, 1353, 1354, 1365, 1431, 1513, 1591, 1782, 1794, 1814, 1830, 1902, 1919]
- Resultado inicial: 4310.0
- Solução final 
[287, 323, 409, 426, 493, 496, 510, 564, 585, 662, 686, 688, 931, 1054, 1103, 1264, 1334, 1335, 1346, 1353, 1354, 1365, 1431, 1513, 1591, 1782, 1794, 1814, 1830, 1902, 1919]
- Resultado final: 4310.0
- Tempo: 12.107747751s
 ----------------------- 

                    Iteração 23:
- Solução inicial 
[10, 131, 296, 420, 428, 481, 503, 574, 627, 652, 693, 738, 741, 779, 881, 946, 995, 1012, 1023, 1028, 1093, 1158, 1297, 1437, 1458, 1488, 1660, 1705, 1729, 1751, 1777, 1788]
- Resultado inicial: 4320.0
- Solução final 
[10, 131, 296, 420, 428, 481, 503, 574, 627, 652, 693, 738, 741, 779, 881, 946, 995, 1012, 1023, 1028, 1093, 1158, 1297, 1437, 1458, 1488, 1660, 1705, 1729, 1751, 1777, 1788]
- Resultado final: 4320.0
- Tempo: 11.786935668s
 ----------------------- 

                    Iteração 24:
- Solução inicial 
[66, 205, 384, 428, 447, 503, 571, 688, 795, 838, 1003, 1016, 1023, 1113, 1123, 1267, 1352, 1369, 1381, 1583, 1617, 1625, 1639, 1649, 1712, 1723, 1746, 1791, 1808, 1967, 1969, 1979, 1981]
- Resultado inicial: 4330.0
- Solução final 
[66, 205, 384, 428, 447, 503, 571, 688, 795, 838, 1003, 1016, 1023, 1113, 1123, 1267, 1352, 1369, 1381, 1583, 1617, 1625, 1639, 1649, 1712, 1723, 1746, 1791, 1808, 1967, 1969, 1979, 1981]
- Resultado final: 4330.0
- Tempo: 12.134285469s
 ----------------------- 

                    Iteração 25:
- Solução inicial 
[36, 76, 95, 117, 203, 213, 278, 309, 371, 401, 423, 426, 433, 452, 480, 551, 589, 625, 756, 1005, 1070, 1132, 1133, 1140, 1201, 1347, 1421, 1447, 1542, 1679, 1719, 1725, 1782, 1804, 1850]
- Resultado inicial: 4350.0
- Solução final 
[36, 76, 95, 117, 203, 213, 278, 309, 371, 401, 423, 426, 433, 452, 480, 551, 589, 625, 756, 1005, 1070, 1132, 1133, 1140, 1201, 1347, 1421, 1447, 1542, 1679, 1719, 1725, 1782, 1804, 1850]
- Resultado final: 4350.0
- Tempo: 12.880245137s
 ----------------------- 

                    Iteração 26:
- Solução inicial 
[85, 193, 229, 363, 426, 440, 464, 480, 533, 653, 786, 824, 885, 901, 921, 965, 967, 1000, 1085, 1107, 1171, 1199, 1251, 1327, 1358, 1455, 1495, 1636, 1660, 1692, 1723, 1781, 1895, 1994]
- Resultado inicial: 4339.0
- Solução final 
[85, 193, 229, 363, 426, 440, 464, 480, 533, 653, 786, 824, 885, 901, 921, 965, 967, 1000, 1085, 1107, 1171, 1199, 1251, 1327, 1358, 1455, 1495, 1636, 1660, 1692, 1723, 1781, 1895, 1994]
- Resultado final: 4339.0
- Tempo: 11.922377116s
 ----------------------- 

                    Iteração 27:
- Solução inicial 
[2, 32, 50, 106, 180, 224, 244, 365, 566, 577, 758, 779, 797, 820, 824, 892, 1085, 1108, 1148, 1167, 1323, 1538, 1550, 1580, 1612, 1620, 1690, 1719, 1836, 1922, 1958, 1975]
- Resultado inicial: 4320.0
- Solução final 
[2, 32, 50, 106, 180, 224, 244, 365, 566, 577, 758, 779, 797, 820, 824, 892, 1085, 1108, 1148, 1167, 1323, 1538, 1550, 1580, 1612, 1620, 1690, 1719, 1836, 1922, 1958, 1975]
- Resultado final: 4320.0
- Tempo: 13.007604283s
 ----------------------- 

                    Iteração 28:
- Solução inicial 
[88, 108, 172, 360, 400, 428, 520, 620, 694, 700, 753, 779, 824, 827, 928, 992, 1075, 1095, 1157, 1177, 1226, 1267, 1307, 1448, 1513, 1593, 1640, 1660, 1785, 1850, 1932]
- Resultado inicial: 4310.0
- Solução final 
[88, 108, 172, 360, 400, 428, 520, 620, 694, 700, 753, 779, 824, 827, 928, 992, 1075, 1095, 1157, 1177, 1226, 1267, 1307, 1448, 1513, 1593, 1640, 1660, 1785, 1850, 1932]
- Resultado final: 4310.0
- Tempo: 12.57524962s
 ----------------------- 

                    Iteração 29:
- Solução inicial 
[138, 224, 242, 278, 288, 303, 307, 387, 414, 480, 510, 511, 521, 522, 721, 742, 752, 753, 873, 1026, 1033, 1267, 1463, 1523, 1530, 1609, 1660, 1680, 1766, 1831, 1850, 1878, 1931, 1962, 1981]
- Resultado inicial: 4350.0
- Solução final 
[138, 224, 242, 278, 288, 303, 307, 387, 414, 480, 510, 511, 521, 522, 721, 742, 752, 753, 873, 1026, 1033, 1267, 1463, 1523, 1530, 1609, 1660, 1680, 1766, 1831, 1850, 1878, 1931, 1962, 1981]
- Resultado final: 4350.0
- Tempo: 14.568608357s
 ----------------------- 

                    Iteração 30:
- Solução inicial 
[58, 176, 224, 428, 471, 497, 561, 729, 765, 790, 802, 820, 824, 838, 873, 926, 951, 963, 1028, 1088, 1180, 1213, 1335, 1513, 1625, 1641, 1680, 1707, 1719, 1824, 1830, 1878]
- Resultado inicial: 4320.0
- Solução final 
[58, 176, 224, 428, 471, 497, 561, 729, 765, 790, 802, 820, 824, 838, 873, 926, 951, 963, 1028, 1088, 1180, 1213, 1335, 1513, 1625, 1641, 1680, 1707, 1719, 1824, 1830, 1878]
- Resultado final: 4320.0
- Tempo: 17.346729896s
