ep09
 ----------------------- 

                    Iteração 1:
- Solução inicial 
[5, 59, 98, 153, 157, 243, 309, 375, 384, 424, 486, 533, 551, 559, 624, 630, 720, 741, 751, 766, 768, 873, 949, 1080, 1280, 1377, 1554, 1565, 1623, 1813, 1858, 1931, 1962]
- Resultado inicial: 4326.0
- Solução final 
[5, 59, 98, 153, 157, 243, 309, 375, 384, 424, 486, 533, 551, 559, 624, 630, 720, 741, 751, 766, 768, 873, 949, 1080, 1280, 1377, 1554, 1565, 1623, 1813, 1858, 1931, 1962]
- Resultado final: 4326.0
- Tempo: 18.051455974s
 ----------------------- 

                    Iteração 2:
- Solução inicial 
[243, 295, 364, 382, 426, 446, 594, 639, 663, 738, 780, 792, 810, 869, 901, 987, 1006, 1093, 1121, 1211, 1213, 1244, 1259, 1267, 1443, 1587, 1667, 1736, 1782, 1900]
- Resultado inicial: 4296.0
- Solução final 
[243, 295, 364, 382, 426, 446, 594, 639, 663, 738, 780, 792, 810, 869, 901, 987, 1006, 1093, 1121, 1211, 1213, 1244, 1259, 1267, 1443, 1587, 1667, 1736, 1782, 1900]
- Resultado final: 4296.0
- Tempo: 16.33436519s
 ----------------------- 

                    Iteração 3:
- Solução inicial 
[117, 158, 188, 227, 233, 414, 469, 494, 634, 638, 663, 677, 690, 792, 943, 951, 960, 977, 990, 1025, 1037, 1187, 1229, 1265, 1489, 1571, 1655, 1718, 1774, 1814, 1954, 1971, 1985]
- Resultado inicial: 4329.0
- Solução final 
[117, 158, 188, 227, 233, 414, 469, 494, 634, 638, 663, 677, 690, 792, 943, 951, 960, 977, 990, 1025, 1037, 1187, 1229, 1265, 1489, 1571, 1655, 1718, 1774, 1814, 1954, 1971, 1985]
- Resultado final: 4329.0
- Tempo: 15.665231616s
 ----------------------- 

                    Iteração 4:
- Solução inicial 
[47, 53, 115, 135, 141, 146, 309, 446, 467, 512, 551, 554, 647, 748, 856, 888, 894, 985, 1118, 1210, 1461, 1489, 1529, 1639, 1662, 1751, 1777, 1842, 1880, 1885, 1892, 1902, 1931]
- Resultado inicial: 4308.0
- Solução final 
[47, 53, 115, 135, 141, 146, 309, 446, 467, 512, 551, 554, 647, 748, 856, 888, 894, 985, 1118, 1210, 1461, 1489, 1529, 1639, 1662, 1751, 1777, 1842, 1880, 1885, 1892, 1902, 1931]
- Resultado final: 4308.0
- Tempo: 17.061274076s
 ----------------------- 

                    Iteração 5:
- Solução inicial 
[74, 106, 108, 117, 150, 408, 463, 552, 587, 606, 677, 770, 779, 824, 843, 864, 1009, 1028, 1094, 1142, 1156, 1167, 1310, 1407, 1603, 1723, 1738, 1812, 1869, 1904, 1984]
- Resultado inicial: 4305.0
- Solução final 
[74, 106, 108, 117, 150, 408, 463, 552, 587, 606, 677, 770, 779, 824, 843, 864, 1009, 1028, 1094, 1142, 1156, 1167, 1310, 1407, 1603, 1723, 1738, 1812, 1869, 1904, 1984]
- Resultado final: 4305.0
- Tempo: 17.349764738s
 ----------------------- 

                    Iteração 6:
- Solução inicial 
[140, 176, 268, 296, 307, 317, 323, 556, 561, 563, 638, 728, 782, 818, 830, 842, 928, 1086, 1123, 1296, 1321, 1377, 1380, 1447, 1522, 1525, 1708, 1924, 1981]
- Resultado inicial: 4287.0
- Solução final 
[140, 176, 268, 296, 307, 317, 323, 556, 561, 563, 638, 728, 782, 818, 830, 842, 928, 1086, 1123, 1296, 1321, 1377, 1380, 1447, 1522, 1525, 1708, 1924, 1981]
- Resultado final: 4287.0
- Tempo: 17.15100043s
 ----------------------- 

                    Iteração 7:
- Solução inicial 
[15, 117, 172, 264, 291, 501, 565, 663, 699, 735, 743, 767, 812, 865, 983, 1015, 1030, 1052, 1086, 1163, 1198, 1275, 1314, 1331, 1354, 1632, 1749, 1873, 1897]
- Resultado inicial: 4288.0
- Solução final 
[15, 117, 172, 264, 291, 501, 565, 663, 699, 735, 743, 767, 812, 865, 983, 1015, 1030, 1052, 1086, 1163, 1198, 1275, 1314, 1331, 1354, 1632, 1749, 1873, 1897]
- Resultado final: 4288.0
- Tempo: 17.17091155s
 ----------------------- 

                    Iteração 8:
- Solução inicial 
[178, 215, 275, 295, 310, 436, 494, 557, 559, 561, 579, 628, 631, 678, 961, 987, 1139, 1308, 1378, 1437, 1475, 1545, 1557, 1654, 1655, 1727, 1731, 1780, 1845, 1928, 1935]
- Resultado inicial: 4308.0
- Solução final 
[178, 215, 275, 295, 310, 436, 494, 557, 559, 561, 579, 628, 631, 678, 961, 987, 1139, 1308, 1378, 1437, 1475, 1545, 1557, 1654, 1655, 1727, 1731, 1780, 1845, 1928, 1935]
- Resultado final: 4308.0
- Tempo: 17.469746521s
 ----------------------- 

                    Iteração 9:
- Solução inicial 
[75, 89, 167, 205, 219, 257, 342, 510, 668, 739, 758, 806, 873, 876, 1059, 1139, 1146, 1149, 1187, 1192, 1193, 1365, 1437, 1493, 1622, 1779, 1831, 1840, 1862, 1873, 1890, 1931]
- Resultado inicial: 4306.0
- Solução final 
[75, 89, 167, 205, 219, 257, 342, 510, 668, 739, 758, 806, 873, 876, 1059, 1139, 1146, 1149, 1187, 1192, 1193, 1365, 1437, 1493, 1622, 1779, 1831, 1840, 1862, 1873, 1890, 1931]
- Resultado final: 4306.0
- Tempo: 16.67989979s
 ----------------------- 

                    Iteração 10:
- Solução inicial 
[56, 134, 150, 151, 213, 233, 432, 511, 550, 677, 745, 753, 876, 1072, 1104, 1234, 1410, 1427, 1437, 1464, 1521, 1536, 1559, 1562, 1640, 1808, 1826, 1957, 1974]
- Resultado inicial: 4290.0
- Solução final 
[56, 134, 150, 151, 213, 233, 432, 511, 550, 677, 745, 753, 876, 1072, 1104, 1234, 1410, 1427, 1437, 1464, 1521, 1536, 1559, 1562, 1640, 1808, 1826, 1957, 1974]
- Resultado final: 4290.0
- Tempo: 16.477239898s
 ----------------------- 

                    Iteração 11:
- Solução inicial 
[15, 117, 133, 305, 309, 322, 338, 414, 433, 453, 704, 772, 881, 950, 1001, 1101, 1198, 1350, 1359, 1411, 1525, 1631, 1639, 1719, 1735, 1767, 1858, 1861, 1900, 1981]
- Resultado inicial: 4297.0
- Solução final 
[15, 117, 133, 305, 309, 322, 338, 414, 433, 453, 704, 772, 881, 950, 1001, 1101, 1198, 1350, 1359, 1411, 1525, 1631, 1639, 1719, 1735, 1767, 1858, 1861, 1900, 1981]
- Resultado final: 4297.0
- Tempo: 18.315545458s
 ----------------------- 

                    Iteração 12:
- Solução inicial 
[44, 157, 163, 234, 314, 346, 490, 496, 779, 831, 874, 1003, 1056, 1085, 1197, 1205, 1267, 1339, 1342, 1380, 1457, 1460, 1526, 1586, 1646, 1717, 1733, 1736, 1838, 1905, 1981, 1983]
- Resultado inicial: 4320.0
- Solução final 
[44, 157, 163, 234, 314, 346, 490, 496, 779, 831, 874, 1003, 1056, 1085, 1197, 1205, 1267, 1339, 1342, 1380, 1457, 1460, 1526, 1586, 1646, 1717, 1733, 1736, 1838, 1905, 1981, 1983]
- Resultado final: 4320.0
- Tempo: 18.336070289s
 ----------------------- 

                    Iteração 13:
- Solução inicial 
[34, 182, 185, 258, 274, 323, 328, 385, 444, 525, 551, 637, 695, 901, 909, 944, 991, 995, 1067, 1117, 1185, 1215, 1270, 1342, 1396, 1542, 1657, 1693, 1724, 1855, 1889, 1982]
- Resultado inicial: 4316.0
- Solução final 
[34, 182, 185, 258, 274, 323, 328, 385, 444, 525, 551, 637, 695, 901, 909, 944, 991, 995, 1067, 1117, 1185, 1215, 1270, 1342, 1396, 1542, 1657, 1693, 1724, 1855, 1889, 1982]
- Resultado final: 4316.0
- Tempo: 17.629726271s
 ----------------------- 

                    Iteração 14:
- Solução inicial 
[7, 30, 53, 68, 286, 296, 303, 365, 463, 475, 554, 726, 732, 769, 774, 889, 1040, 1086, 1090, 1195, 1389, 1394, 1416, 1521, 1529, 1570, 1723, 1780, 1785, 1823, 1824, 1866, 1958]
- Resultado inicial: 4321.0
- Solução final 
[7, 30, 53, 68, 286, 296, 303, 365, 463, 475, 554, 726, 732, 769, 774, 889, 1040, 1086, 1090, 1195, 1389, 1394, 1416, 1521, 1529, 1570, 1723, 1780, 1785, 1823, 1824, 1866, 1958]
- Resultado final: 4321.0
- Tempo: 17.128763807s
 ----------------------- 

                    Iteração 15:
- Solução inicial 
[48, 364, 380, 499, 613, 706, 712, 721, 804, 941, 1034, 1093, 1140, 1145, 1179, 1231, 1238, 1264, 1294, 1317, 1522, 1570, 1692, 1725, 1782, 1818, 1889, 1920, 1986]
- Resultado inicial: 4285.0
- Solução final 
[48, 364, 380, 499, 613, 706, 712, 721, 804, 941, 1034, 1093, 1140, 1145, 1179, 1231, 1238, 1264, 1294, 1317, 1522, 1570, 1692, 1725, 1782, 1818, 1889, 1920, 1986]
- Resultado final: 4285.0
- Tempo: 16.941989904s
 ----------------------- 

                    Iteração 16:
- Solução inicial 
[76, 150, 159, 162, 163, 363, 467, 618, 666, 684, 721, 949, 951, 960, 969, 1034, 1040, 1089, 1091, 1093, 1221, 1294, 1359, 1525, 1536, 1679, 1687, 1782, 1874, 1877, 1878, 1925]
- Resultado inicial: 4318.0
- Solução final 
[76, 150, 159, 162, 163, 363, 467, 618, 666, 684, 721, 949, 951, 960, 969, 1034, 1040, 1089, 1091, 1093, 1221, 1294, 1359, 1525, 1536, 1679, 1687, 1782, 1874, 1877, 1878, 1925]
- Resultado final: 4318.0
- Tempo: 16.520826463s
 ----------------------- 

                    Iteração 17:
- Solução inicial 
[36, 44, 68, 129, 150, 167, 213, 259, 344, 405, 467, 545, 625, 671, 672, 874, 1023, 1206, 1234, 1334, 1340, 1384, 1556, 1612, 1667, 1677, 1733, 1804, 1824, 1894]
- Resultado inicial: 4294.0
- Solução final 
[36, 44, 68, 129, 150, 167, 213, 259, 344, 405, 467, 545, 625, 671, 672, 874, 1023, 1206, 1234, 1334, 1340, 1384, 1556, 1612, 1667, 1677, 1733, 1804, 1824, 1894]
- Resultado final: 4294.0
- Tempo: 18.583619201s
 ----------------------- 

                    Iteração 18:
- Solução inicial 
[53, 70, 206, 213, 338, 417, 424, 432, 433, 476, 489, 515, 531, 537, 560, 627, 690, 779, 916, 1012, 1069, 1119, 1304, 1319, 1517, 1542, 1588, 1721, 1775, 1834, 1970]
- Resultado inicial: 4299.0
- Solução final 
[53, 70, 206, 213, 338, 417, 424, 432, 433, 476, 489, 515, 531, 537, 560, 627, 690, 779, 916, 1012, 1069, 1119, 1304, 1319, 1517, 1542, 1588, 1721, 1775, 1834, 1970]
- Resultado final: 4299.0
- Tempo: 19.484041072s
 ----------------------- 

                    Iteração 19:
- Solução inicial 
[78, 167, 209, 226, 316, 360, 378, 428, 492, 545, 576, 612, 615, 676, 838, 961, 986, 1000, 1010, 1028, 1321, 1401, 1426, 1428, 1437, 1594, 1598, 1724, 1734, 1840]
- Resultado inicial: 4300.0
- Solução final 
[78, 167, 209, 226, 316, 360, 378, 428, 492, 545, 576, 612, 615, 676, 838, 961, 986, 1000, 1010, 1028, 1321, 1401, 1426, 1428, 1437, 1594, 1598, 1724, 1734, 1840]
- Resultado final: 4300.0
- Tempo: 19.699636448s
 ----------------------- 

                    Iteração 20:
- Solução inicial 
[55, 61, 117, 345, 404, 417, 442, 475, 479, 493, 516, 548, 622, 627, 710, 754, 767, 824, 873, 961, 1010, 1086, 1198, 1275, 1384, 1414, 1447, 1683, 1711, 1971]
- Resultado inicial: 4297.0
- Solução final 
[55, 61, 117, 345, 404, 417, 442, 475, 479, 493, 516, 548, 622, 627, 710, 754, 767, 824, 873, 961, 1010, 1086, 1198, 1275, 1384, 1414, 1447, 1683, 1711, 1971]
- Resultado final: 4297.0
- Tempo: 19.577119568s
 ----------------------- 

                    Iteração 21:
- Solução inicial 
[31, 85, 268, 272, 321, 385, 395, 408, 423, 432, 491, 577, 578, 653, 735, 969, 1167, 1249, 1388, 1440, 1465, 1475, 1494, 1543, 1585, 1613, 1617, 1782, 1868, 1941]
- Resultado inicial: 4300.0
- Solução final 
[31, 85, 268, 272, 321, 385, 395, 408, 423, 432, 491, 577, 578, 653, 735, 969, 1167, 1249, 1388, 1440, 1465, 1475, 1494, 1543, 1585, 1613, 1617, 1782, 1868, 1941]
- Resultado final: 4300.0
- Tempo: 20.230498051s
 ----------------------- 

                    Iteração 22:
- Solução inicial 
[5, 40, 163, 357, 365, 482, 526, 535, 566, 599, 678, 690, 782, 798, 840, 951, 1123, 1177, 1334, 1351, 1412, 1416, 1636, 1700, 1735, 1769, 1837, 1886, 1893, 1905, 1992]
- Resultado inicial: 4302.0
- Solução final 
[5, 40, 163, 357, 365, 482, 526, 535, 566, 599, 678, 690, 782, 798, 840, 951, 1123, 1177, 1334, 1351, 1412, 1416, 1636, 1700, 1735, 1769, 1837, 1886, 1893, 1905, 1992]
- Resultado final: 4302.0
- Tempo: 19.549461644s
 ----------------------- 

                    Iteração 23:
- Solução inicial 
[215, 274, 310, 321, 398, 527, 545, 592, 594, 838, 839, 876, 889, 907, 1040, 1041, 1050, 1139, 1321, 1323, 1338, 1342, 1484, 1525, 1608, 1636, 1660, 1751, 1908, 1942, 1948, 1994]
- Resultado inicial: 4314.0
- Solução final 
[215, 274, 310, 321, 398, 527, 545, 592, 594, 838, 839, 876, 889, 907, 1040, 1041, 1050, 1139, 1321, 1323, 1338, 1342, 1484, 1525, 1608, 1636, 1660, 1751, 1908, 1942, 1948, 1994]
- Resultado final: 4314.0
- Tempo: 19.306883874s
 ----------------------- 

                    Iteração 24:
- Solução inicial 
[247, 314, 400, 424, 498, 521, 594, 605, 687, 784, 790, 820, 939, 1034, 1063, 1075, 1110, 1117, 1154, 1176, 1298, 1447, 1466, 1492, 1523, 1884, 1902, 1910, 1922, 1960]
- Resultado inicial: 4288.0
- Solução final 
[247, 314, 400, 424, 498, 521, 594, 605, 687, 784, 790, 820, 939, 1034, 1063, 1075, 1110, 1117, 1154, 1176, 1298, 1447, 1466, 1492, 1523, 1884, 1902, 1910, 1922, 1960]
- Resultado final: 4288.0
- Tempo: 20.033706153s
 ----------------------- 

                    Iteração 25:
- Solução inicial 
[129, 162, 240, 267, 293, 320, 394, 486, 541, 593, 718, 857, 873, 889, 1114, 1198, 1298, 1299, 1304, 1323, 1489, 1497, 1529, 1608, 1660, 1693, 1833, 1834, 1853, 1911]
- Resultado inicial: 4290.0
- Solução final 
[129, 162, 240, 267, 293, 320, 394, 486, 541, 593, 718, 857, 873, 889, 1114, 1198, 1298, 1299, 1304, 1323, 1489, 1497, 1529, 1608, 1660, 1693, 1833, 1834, 1853, 1911]
- Resultado final: 4290.0
- Tempo: 19.58048597s
 ----------------------- 

                    Iteração 26:
- Solução inicial 
[5, 29, 178, 196, 416, 462, 472, 576, 606, 623, 650, 667, 706, 838, 996, 1084, 1179, 1185, 1271, 1273, 1392, 1427, 1484, 1519, 1544, 1556, 1621, 1816, 1830, 1999]
- Resultado inicial: 4298.0
- Solução final 
[5, 29, 178, 196, 416, 462, 472, 576, 606, 623, 650, 667, 706, 838, 996, 1084, 1179, 1185, 1271, 1273, 1392, 1427, 1484, 1519, 1544, 1556, 1621, 1816, 1830, 1999]
- Resultado final: 4298.0
- Tempo: 19.330371902s
 ----------------------- 

                    Iteração 27:
- Solução inicial 
[40, 141, 150, 215, 248, 309, 466, 482, 492, 509, 566, 687, 752, 833, 853, 869, 905, 944, 1023, 1028, 1126, 1201, 1204, 1237, 1251, 1252, 1522, 1524, 1645, 1684, 1943]
- Resultado inicial: 4310.0
- Solução final 
[40, 141, 150, 215, 248, 309, 466, 482, 492, 509, 566, 687, 752, 833, 853, 869, 905, 944, 1023, 1028, 1126, 1201, 1204, 1237, 1251, 1252, 1522, 1524, 1645, 1684, 1943]
- Resultado final: 4310.0
- Tempo: 19.532930442s
 ----------------------- 

                    Iteração 28:
- Solução inicial 
[0, 167, 269, 272, 314, 379, 392, 413, 430, 667, 675, 709, 772, 784, 800, 1139, 1259, 1280, 1288, 1298, 1417, 1445, 1559, 1590, 1593, 1644, 1697, 1822, 1836, 1842, 1925, 1951, 1995]
- Resultado inicial: 4312.0
- Solução final 
[0, 167, 269, 272, 314, 379, 392, 413, 430, 667, 675, 709, 772, 784, 800, 1139, 1259, 1280, 1288, 1298, 1417, 1445, 1559, 1590, 1593, 1644, 1697, 1822, 1836, 1842, 1925, 1951, 1995]
- Resultado final: 4312.0
- Tempo: 19.547412374s
 ----------------------- 

                    Iteração 29:
- Solução inicial 
[11, 100, 101, 200, 221, 225, 318, 330, 340, 439, 448, 521, 553, 630, 633, 721, 817, 865, 969, 1177, 1341, 1577, 1612, 1644, 1712, 1750, 1757, 1780, 1829, 1837, 1985]
- Resultado inicial: 4308.0
- Solução final 
[11, 100, 101, 200, 221, 225, 318, 330, 340, 439, 448, 521, 553, 630, 633, 721, 817, 865, 969, 1177, 1341, 1577, 1612, 1644, 1712, 1750, 1757, 1780, 1829, 1837, 1985]
- Resultado final: 4308.0
- Tempo: 19.209631992s
 ----------------------- 

                    Iteração 30:
- Solução inicial 
[115, 174, 278, 308, 376, 381, 394, 428, 450, 548, 728, 733, 830, 1012, 1024, 1033, 1158, 1172, 1347, 1380, 1385, 1565, 1606, 1617, 1632, 1857, 1864, 1893, 1941, 1955, 1968]
- Resultado inicial: 4310.0
- Solução final 
[115, 174, 278, 308, 376, 381, 394, 428, 450, 548, 728, 733, 830, 1012, 1024, 1033, 1158, 1172, 1347, 1380, 1385, 1565, 1606, 1617, 1632, 1857, 1864, 1893, 1941, 1955, 1968]
- Resultado final: 4310.0
- Tempo: 19.261740178s
