ep10
 ----------------------- 

                    Iteração 1:
- Solução inicial 
[31, 48, 200, 265, 269, 417, 441, 450, 527, 719, 789, 806, 816, 876, 1123, 1210, 1231, 1312, 1333, 1334, 1554, 1761, 1832, 1847, 1850, 1879]
- Resultado inicial: 4260.0
- Solução final 
[31, 48, 200, 265, 269, 417, 441, 450, 527, 719, 789, 806, 816, 876, 1123, 1210, 1231, 1312, 1333, 1334, 1554, 1761, 1832, 1847, 1850, 1879]
- Resultado final: 4260.0
- Tempo: 19.367064361s
 ----------------------- 

                    Iteração 2:
- Solução inicial 
[113, 240, 259, 310, 345, 594, 612, 626, 742, 782, 796, 896, 1009, 1117, 1365, 1434, 1492, 1531, 1581, 1608, 1622, 1800, 1827, 1835, 1948]
- Resultado inicial: 4247.0
- Solução final 
[113, 240, 259, 310, 345, 594, 612, 626, 742, 782, 796, 896, 1009, 1117, 1365, 1434, 1492, 1531, 1581, 1608, 1622, 1800, 1827, 1835, 1948]
- Resultado final: 4247.0
- Tempo: 16.602423052s
 ----------------------- 

                    Iteração 3:
- Solução inicial 
[134, 153, 203, 307, 474, 550, 596, 632, 743, 778, 788, 878, 987, 1073, 1097, 1205, 1217, 1264, 1350, 1437, 1543, 1647, 1661, 1712, 1804, 1806]
- Resultado inicial: 4252.0
- Solução final 
[134, 153, 203, 307, 474, 550, 596, 632, 743, 778, 788, 878, 987, 1073, 1097, 1205, 1217, 1264, 1350, 1437, 1543, 1647, 1661, 1712, 1804, 1806]
- Resultado final: 4252.0
- Tempo: 17.905036598s
 ----------------------- 

                    Iteração 4:
- Solução inicial 
[127, 360, 571, 613, 721, 815, 951, 961, 1028, 1123, 1197, 1273, 1418, 1441, 1559, 1563, 1610, 1660, 1669, 1729, 1785, 1855, 1857, 1894, 1929, 1973]
- Resultado inicial: 4253.0
- Solução final 
[127, 360, 571, 613, 721, 815, 951, 961, 1028, 1123, 1197, 1273, 1418, 1441, 1559, 1563, 1610, 1660, 1669, 1729, 1785, 1855, 1857, 1894, 1929, 1973]
- Resultado final: 4253.0
- Tempo: 18.4930558s
 ----------------------- 

                    Iteração 5:
- Solução inicial 
[20, 204, 211, 481, 527, 628, 652, 677, 705, 734, 837, 838, 924, 944, 1015, 1017, 1267, 1347, 1442, 1460, 1538, 1599, 1606, 1783, 1864]
- Resultado inicial: 4247.0
- Solução final 
[20, 204, 211, 481, 527, 628, 652, 677, 705, 734, 837, 838, 924, 944, 1015, 1017, 1267, 1347, 1442, 1460, 1538, 1599, 1606, 1783, 1864]
- Resultado final: 4247.0
- Tempo: 18.547610838s
 ----------------------- 

                    Iteração 6:
- Solução inicial 
[14, 48, 216, 553, 618, 699, 743, 772, 842, 942, 971, 1002, 1013, 1024, 1034, 1035, 1182, 1200, 1222, 1292, 1473, 1540, 1609, 1893, 1974, 1981]
- Resultado inicial: 4253.0
- Solução final 
[14, 48, 216, 553, 618, 699, 743, 772, 842, 942, 971, 1002, 1013, 1024, 1034, 1035, 1182, 1200, 1222, 1292, 1473, 1540, 1609, 1893, 1974, 1981]
- Resultado final: 4253.0
- Tempo: 18.366824824s
 ----------------------- 

                    Iteração 7:
- Solução inicial 
[5, 136, 206, 334, 497, 660, 693, 702, 784, 798, 828, 904, 940, 1075, 1079, 1146, 1219, 1304, 1512, 1560, 1738, 1827, 1830, 1849, 1985, 1995]
- Resultado inicial: 4257.0
- Solução final 
[5, 136, 206, 334, 497, 660, 693, 702, 784, 798, 828, 904, 940, 1075, 1079, 1146, 1219, 1304, 1512, 1560, 1738, 1827, 1830, 1849, 1985, 1995]
- Resultado final: 4257.0
- Tempo: 18.553800433s
 ----------------------- 

                    Iteração 8:
- Solução inicial 
[36, 77, 80, 145, 228, 278, 319, 355, 365, 430, 462, 482, 540, 642, 666, 869, 950, 1127, 1409, 1432, 1524, 1693, 1697, 1724, 1906, 1920]
- Resultado inicial: 4260.0
- Solução final 
[36, 77, 80, 145, 228, 278, 319, 355, 365, 430, 462, 482, 540, 642, 666, 869, 950, 1127, 1409, 1432, 1524, 1693, 1697, 1724, 1906, 1920]
- Resultado final: 4260.0
- Tempo: 17.70625467s
 ----------------------- 

                    Iteração 9:
- Solução inicial 
[24, 62, 111, 323, 517, 559, 703, 812, 1000, 1036, 1055, 1198, 1229, 1353, 1361, 1371, 1395, 1476, 1502, 1565, 1679, 1811, 1866, 1874, 1881]
- Resultado inicial: 4250.0
- Solução final 
[24, 62, 111, 323, 517, 559, 703, 812, 1000, 1036, 1055, 1198, 1229, 1353, 1361, 1371, 1395, 1476, 1502, 1565, 1679, 1811, 1866, 1874, 1881]
- Resultado final: 4250.0
- Tempo: 17.989559141s
 ----------------------- 

                    Iteração 10:
- Solução inicial 
[42, 121, 201, 510, 533, 556, 785, 820, 846, 874, 994, 1028, 1152, 1165, 1167, 1199, 1404, 1453, 1475, 1551, 1580, 1596, 1824, 1825, 1964]
- Resultado inicial: 4250.0
- Solução final 
[42, 121, 201, 510, 533, 556, 785, 820, 846, 874, 994, 1028, 1152, 1165, 1167, 1199, 1404, 1453, 1475, 1551, 1580, 1596, 1824, 1825, 1964]
- Resultado final: 4250.0
- Tempo: 19.815364054s
 ----------------------- 

                    Iteração 11:
- Solução inicial 
[4, 114, 180, 324, 383, 432, 436, 475, 716, 822, 824, 851, 869, 928, 935, 971, 1132, 1222, 1285, 1312, 1646, 1756, 1764, 1782, 1985]
- Resultado inicial: 4250.0
- Solução final 
[4, 114, 180, 324, 383, 432, 436, 475, 716, 822, 824, 851, 869, 928, 935, 971, 1132, 1222, 1285, 1312, 1646, 1756, 1764, 1782, 1985]
- Resultado final: 4250.0
- Tempo: 19.14516344s
 ----------------------- 

                    Iteração 12:
- Solução inicial 
[5, 98, 287, 463, 468, 555, 594, 749, 812, 826, 855, 862, 881, 1060, 1070, 1128, 1242, 1334, 1341, 1405, 1465, 1541, 1754, 1925, 1930]
- Resultado inicial: 4241.0
- Solução final 
[5, 98, 287, 463, 468, 555, 594, 749, 812, 826, 855, 862, 881, 1060, 1070, 1128, 1242, 1334, 1341, 1405, 1465, 1541, 1754, 1925, 1930]
- Resultado final: 4241.0
- Tempo: 18.15801112s
 ----------------------- 

                    Iteração 13:
- Solução inicial 
[45, 362, 446, 449, 478, 635, 658, 720, 859, 945, 1074, 1188, 1407, 1449, 1451, 1461, 1489, 1542, 1606, 1695, 1709, 1721, 1734, 1812, 1831, 1968, 1988]
- Resultado inicial: 4265.0
- Solução final 
[45, 362, 446, 449, 478, 635, 658, 720, 859, 945, 1074, 1188, 1407, 1449, 1451, 1461, 1489, 1542, 1606, 1695, 1709, 1721, 1734, 1812, 1831, 1968, 1988]
- Resultado final: 4265.0
- Tempo: 18.479585382s
 ----------------------- 

                    Iteração 14:
- Solução inicial 
[25, 102, 114, 139, 185, 246, 398, 480, 492, 505, 633, 645, 650, 931, 1039, 1047, 1107, 1163, 1229, 1467, 1542, 1657, 1733, 1879, 1940]
- Resultado inicial: 4244.0
- Solução final 
[25, 102, 114, 139, 185, 246, 398, 480, 492, 505, 633, 645, 650, 931, 1039, 1047, 1107, 1163, 1229, 1467, 1542, 1657, 1733, 1879, 1940]
- Resultado final: 4244.0
- Tempo: 18.585206144s
 ----------------------- 

                    Iteração 15:
- Solução inicial 
[22, 32, 85, 107, 119, 120, 260, 387, 441, 481, 500, 546, 688, 710, 795, 929, 941, 1034, 1194, 1249, 1256, 1260, 1449, 1539, 1621, 1702, 1894]
- Resultado inicial: 4241.0
- Solução final 
[22, 32, 85, 107, 119, 120, 260, 387, 441, 481, 500, 546, 688, 710, 795, 929, 941, 1034, 1194, 1249, 1256, 1260, 1449, 1539, 1621, 1702, 1894]
- Resultado final: 4241.0
- Tempo: 17.046247137s
 ----------------------- 

                    Iteração 16:
- Solução inicial 
[34, 149, 161, 304, 306, 323, 335, 364, 465, 474, 537, 575, 776, 851, 1085, 1227, 1242, 1421, 1480, 1535, 1599, 1651, 1657, 1690, 1731, 1736, 1804]
- Resultado inicial: 4266.0
- Solução final 
[34, 149, 161, 304, 306, 323, 335, 364, 465, 474, 537, 575, 776, 851, 1085, 1227, 1242, 1421, 1480, 1535, 1599, 1651, 1657, 1690, 1731, 1736, 1804]
- Resultado final: 4266.0
- Tempo: 21.848677917s
 ----------------------- 

                    Iteração 17:
- Solução inicial 
[29, 125, 160, 234, 337, 350, 364, 423, 437, 439, 568, 571, 806, 817, 824, 1077, 1247, 1347, 1449, 1763, 1816, 1860, 1887, 1893, 1906]
- Resultado inicial: 4249.0
- Solução final 
[29, 125, 160, 234, 337, 350, 364, 423, 437, 439, 568, 571, 806, 817, 824, 1077, 1247, 1347, 1449, 1763, 1816, 1860, 1887, 1893, 1906]
- Resultado final: 4249.0
- Tempo: 20.879615905s
 ----------------------- 

                    Iteração 18:
- Solução inicial 
[5, 76, 147, 162, 172, 190, 228, 236, 425, 481, 510, 545, 636, 669, 673, 674, 812, 835, 949, 951, 1136, 1191, 1198, 1288, 1313, 1471, 1709]
- Resultado inicial: 4263.0
- Solução final 
[5, 76, 147, 162, 172, 190, 228, 236, 425, 481, 510, 545, 636, 669, 673, 674, 812, 835, 949, 951, 1136, 1191, 1198, 1288, 1313, 1471, 1709]
- Resultado final: 4263.0
- Tempo: 20.849371977s
 ----------------------- 

                    Iteração 19:
- Solução inicial 
[47, 208, 297, 311, 374, 440, 444, 536, 619, 621, 695, 724, 749, 758, 818, 889, 964, 1119, 1130, 1203, 1249, 1313, 1340, 1387, 1689]
- Resultado inicial: 4244.0
- Solução final 
[47, 208, 297, 311, 374, 440, 444, 536, 619, 621, 695, 724, 749, 758, 818, 889, 964, 1119, 1130, 1203, 1249, 1313, 1340, 1387, 1689]
- Resultado final: 4244.0
- Tempo: 21.374194748s
 ----------------------- 

                    Iteração 20:
- Solução inicial 
[58, 95, 119, 150, 477, 551, 668, 675, 727, 769, 792, 870, 984, 1004, 1080, 1117, 1126, 1201, 1217, 1225, 1686, 1696, 1698, 1763, 1877, 1882, 1900, 1974]
- Resultado inicial: 4250.0
- Solução final 
[58, 95, 119, 150, 477, 551, 668, 675, 727, 769, 792, 870, 984, 1004, 1080, 1117, 1126, 1201, 1217, 1225, 1686, 1696, 1698, 1763, 1877, 1882, 1900, 1974]
- Resultado final: 4250.0
- Tempo: 21.075872916s
 ----------------------- 

                    Iteração 21:
- Solução inicial 
[68, 176, 232, 267, 606, 677, 683, 732, 782, 911, 919, 986, 990, 1019, 1025, 1193, 1216, 1332, 1445, 1463, 1621, 1693, 1881, 1895, 1967]
- Resultado inicial: 4246.0
- Solução final 
[68, 176, 232, 267, 606, 677, 683, 732, 782, 911, 919, 986, 990, 1019, 1025, 1193, 1216, 1332, 1445, 1463, 1621, 1693, 1881, 1895, 1967]
- Resultado final: 4246.0
- Tempo: 20.627571747s
 ----------------------- 

                    Iteração 22:
- Solução inicial 
[2, 3, 12, 76, 172, 443, 499, 548, 780, 798, 886, 1015, 1024, 1056, 1098, 1108, 1183, 1215, 1244, 1391, 1609, 1646, 1671, 1744, 1975]
- Resultado inicial: 4241.0
- Solução final 
[2, 3, 12, 76, 172, 443, 499, 548, 780, 798, 886, 1015, 1024, 1056, 1098, 1108, 1183, 1215, 1244, 1391, 1609, 1646, 1671, 1744, 1975]
- Resultado final: 4241.0
- Tempo: 21.493989541s
 ----------------------- 

                    Iteração 23:
- Solução inicial 
[50, 215, 246, 259, 326, 483, 673, 743, 792, 862, 898, 945, 1353, 1434, 1446, 1486, 1574, 1680, 1683, 1713, 1721, 1729, 1794, 1799, 1807, 1994]
- Resultado inicial: 4256.0
- Solução final 
[50, 215, 246, 259, 326, 483, 673, 743, 792, 862, 898, 945, 1353, 1434, 1446, 1486, 1574, 1680, 1683, 1713, 1721, 1729, 1794, 1799, 1807, 1994]
- Resultado final: 4256.0
- Tempo: 20.892713473s
 ----------------------- 

                    Iteração 24:
- Solução inicial 
[58, 302, 395, 497, 511, 548, 553, 667, 941, 1145, 1147, 1295, 1300, 1344, 1395, 1450, 1564, 1680, 1760, 1773, 1850, 1852, 1950, 1968, 1986]
- Resultado inicial: 4249.0
- Solução final 
[58, 302, 395, 497, 511, 548, 553, 667, 941, 1145, 1147, 1295, 1300, 1344, 1395, 1450, 1564, 1680, 1760, 1773, 1850, 1852, 1950, 1968, 1986]
- Resultado final: 4249.0
- Tempo: 20.520748273s
 ----------------------- 

                    Iteração 25:
- Solução inicial 
[1, 182, 356, 500, 511, 613, 670, 832, 877, 977, 995, 1101, 1113, 1243, 1327, 1355, 1503, 1589, 1644, 1693, 1759, 1780, 1951, 1977]
- Resultado inicial: 4236.0
- Solução final 
[1, 182, 356, 500, 511, 613, 670, 832, 877, 977, 995, 1101, 1113, 1243, 1327, 1355, 1503, 1589, 1644, 1693, 1759, 1780, 1951, 1977]
- Resultado final: 4236.0
- Tempo: 21.139729925s
 ----------------------- 

                    Iteração 26:
- Solução inicial 
[103, 333, 345, 365, 423, 457, 484, 638, 674, 848, 893, 910, 927, 954, 1049, 1095, 1116, 1134, 1223, 1251, 1262, 1314, 1387, 1455, 1567, 1698, 1887, 1970]
- Resultado inicial: 4257.0
- Solução final 
[103, 333, 345, 365, 423, 457, 484, 638, 674, 848, 893, 910, 927, 954, 1049, 1095, 1116, 1134, 1223, 1251, 1262, 1314, 1387, 1455, 1567, 1698, 1887, 1970]
- Resultado final: 4257.0
- Tempo: 20.759207414s
 ----------------------- 

                    Iteração 27:
- Solução inicial 
[17, 18, 62, 278, 406, 656, 763, 789, 812, 815, 896, 952, 969, 1090, 1153, 1209, 1219, 1295, 1398, 1441, 1463, 1698, 1727, 1981, 1983]
- Resultado inicial: 4250.0
- Solução final 
[17, 18, 62, 278, 406, 656, 763, 789, 812, 815, 896, 952, 969, 1090, 1153, 1209, 1219, 1295, 1398, 1441, 1463, 1698, 1727, 1981, 1983]
- Resultado final: 4250.0
- Tempo: 20.6315196s
 ----------------------- 

                    Iteração 28:
- Solução inicial 
[90, 188, 298, 341, 354, 514, 537, 543, 624, 627, 675, 708, 727, 883, 892, 976, 1000, 1258, 1310, 1324, 1334, 1485, 1505, 1586, 1600, 1622]
- Resultado inicial: 4251.0
- Solução final 
[90, 188, 298, 341, 354, 514, 537, 543, 624, 627, 675, 708, 727, 883, 892, 976, 1000, 1258, 1310, 1324, 1334, 1485, 1505, 1586, 1600, 1622]
- Resultado final: 4251.0
- Tempo: 19.21269311s
 ----------------------- 

                    Iteração 29:
- Solução inicial 
[10, 65, 67, 73, 308, 323, 370, 374, 455, 463, 503, 528, 631, 812, 1157, 1259, 1262, 1381, 1406, 1412, 1435, 1492, 1736, 1737, 1795, 1874]
- Resultado inicial: 4259.0
- Solução final 
[10, 65, 67, 73, 308, 323, 370, 374, 455, 463, 503, 528, 631, 812, 1157, 1259, 1262, 1381, 1406, 1412, 1435, 1492, 1736, 1737, 1795, 1874]
- Resultado final: 4259.0
- Tempo: 17.723091727s
 ----------------------- 

                    Iteração 30:
- Solução inicial 
[22, 94, 267, 313, 336, 439, 481, 490, 527, 594, 688, 708, 770, 941, 1113, 1298, 1439, 1564, 1607, 1726, 1755, 1802, 1828, 1887]
- Resultado inicial: 4240.0
- Solução final 
[22, 94, 267, 313, 336, 439, 481, 490, 527, 594, 688, 708, 770, 941, 1113, 1298, 1439, 1564, 1607, 1726, 1755, 1802, 1828, 1887]
- Resultado final: 4240.0
- Tempo: 17.01765144s
